0.06229289576437041 0.029240562507667163 0.0344169933279164 0.031128683123601394 1.4142608166792083 0.06426040539857394 0.06145894947811912 0.060615161589722265 0.04798356722753769 0.05442002574495209 0.0495149438113235 0.0481420375212743 0.048295473938969984 0.046640572337828555 0.0039408101617297644 
0.06415215006565318 0.04864092195915174 0.041702269448821994 0.03776331572293072 0.03344377625388414 1.457536446669728 0.0659744696747769 0.061608107581435374 0.05328437037791002 0.05222998229879392 0.05507697148840849 0.04820240325383116 0.04954791065111075 0.048175927301468795 0.0038627809292322663 
0.07757041677387894 0.058162327704297384 0.049676837022339465 0.04391756050515977 0.04119017668112105 0.03762326781433837 1.4688555700103063 0.06427173989742631 0.061603887417926585 0.05613063375439664 0.049703464061024175 0.025043799452916907 0.04883079126847566 0.04820198709818276 0.006147380671037787 
0.08565594174374813 0.0640553660413519 0.05254613724306399 0.051038107335473155 0.045387480423665263 0.04251132911857132 0.030593962029116777 1.4853052246586238 0.0538693590827835 0.05167740423120435 0.05008243333685709 0.04924626943785283 0.04827350026391364 0.04810693456587733 0.0029293503495501825 
0.09111334582079073 0.06807967898861904 0.05823815333958 0.049751282592710236 0.04801427399701367 0.04461396880083102 0.036368741603073435 0.03512304627019693 1.5164532070776502 0.04827360146434671 0.057322856213474944 0.048193739884649874 0.04948092006433606 0.048128099268549024 0.00608338858370234 
0.10130443101167542 0.07479904530246842 0.0644221301477119 0.05599227769929211 0.052419315846435686 0.03405068109913939 0.04758791041944068 0.045296689991275264 0.03253484704550052 1.5078908957113644 0.05244644729279414 0.03926528123650773 0.044795523242054866 0.03518154506888422 0.0040523293296121105 
0.09895028675617305 0.0746570971678863 0.06331183916509169 0.056585760697141406 0.05135251519147511 0.04925676617500755 0.04167208837464331 0.0401628900785374 0.037757230947831746 0.03811077110437774 1.5533914200770802 0.049886395336720624 0.04849335659320652 0.04811936375243085 0.005023696905468818 
0.10251816882007936 0.07647982526586443 0.06573275117662478 0.057664058068857646 0.054406351976686494 0.051422896300318426 0.046528763616263416 0.041772085521673344 0.041434893500068924 0.038700037123214855 0.03722674281832139 1.5636251207016978 0.050631812873245884 0.039234474588254485 0.005524018305789935 
0.10432807611994667 0.07782982127455906 0.06661812866918548 0.058799088540175105 0.05641420162931953 0.0508770009674374 0.04867002973799807 0.042567625237071575 0.036300492713019474 0.04257846911534116 0.036732051271609965 0.0371655177977396 1.585423193637907 0.05751192507489537 0.0026199764919461973 
0.10744705661030302 0.08014622687988457 0.06972602313111191 0.06217893879631996 0.05620973678836859 0.05241234945395094 0.0489081874553296 0.041348190298572424 0.04258018617297393 0.04129398341757071 0.040454186676027334 0.0406871532367908 0.03652790911712896 1.6034637762501853 0.004978943059347606 
0.1456934187256819 0.11109544970728143 0.09232061059372805 0.0819438784748632 0.07615562651509365 0.07064565173986932 0.0687463342955153 0.06463758364907952 0.059712430020796486 0.052195044268435395 0.05441122319686513 0.05131118339043417 0.0485052218027934 0.046913241052590815 2.2988989072057007 
0.13606965569916704 0.10110540248452239 0.08647365541740411 0.07623279592692758 0.07111149896359725 0.0656026734564966 0.06343946248051727 0.06073699084681178 0.054927203145465356 0.05577460557518823 0.05042205707886006 0.04870429083077772 0.1382959319411938 0.1383320048781285 0.00616584754941642 
0.13395801440358848 0.0999776464572362 0.08527727790740068 0.07744878488673554 0.07070466505888007 0.06490157495695827 0.06303322554663057 0.05958655067405175 0.0562064546551088 0.05669254395582865 0.05349182557236679 0.14082105328348937 0.04855915424451417 0.14097003568909497 0.006187521617806808 
0.13462691970666918 0.10047268078616907 0.08566845149231166 0.07736509741145564 0.07093117993488973 0.06584760117149356 0.059820942126445356 0.05967192580199207 0.056448045089416206 0.05672854199174206 0.052602456621320584 0.1383836003522642 0.1390080416479843 0.04804448125345846 0.006127973739745283 
0.13407823621357776 0.09963443180605203 0.0852203729415431 0.07513057752386056 0.07008727153711634 0.06465978839699252 0.0625302049667671 0.05979542358920612 0.05627207922638754 0.056328921083172605 0.1397160919379149 0.05073248147141945 0.05394417098050132 0.1424949886820468 0.006180167807071586 
0.13403309904238153 0.10094201168804402 0.0855950775938869 0.07548303999454384 0.07049459522626492 0.06551845482816368 0.061975537695887574 0.059936393720531216 0.056270172565110334 0.05535200322886386 0.13862877343275143 0.05175488476042764 0.13817938800335314 0.049534389631868285 0.006075844859514358 
0.13453599955180248 0.10041149509071778 0.0856126985840616 0.07529057070564579 0.07062798630795483 0.06556554204824211 0.06201537353547835 0.05967273650746504 0.059508128250936314 0.054089169812476294 0.13726120836195935 0.13716599657806108 0.049633514985816134 0.04809246942247812 0.006156282962195161 
0.13541728789413074 0.10083713457193448 0.08611459513141079 0.07571491124961253 0.07097694897157518 0.06677119409829253 0.060974322600429176 0.06003994907101267 0.05509093590054016 0.13872633899223916 0.05335993118397103 0.050211051402662 0.04757304600875975 0.1383372296021702 0.006084809707400138 
0.1335160643789369 0.10058900700551196 0.0852793114732415 0.07747339258062609 0.07041242553832007 0.0663780226250688 0.06297531850772638 0.057759423767059934 0.056316105785878166 0.13750986939954737 0.052136428775176796 0.051805721606719424 0.13851833319313334 0.04981359922474418 0.006157189445941781 
0.1345478654323602 0.10128677838855434 0.08584850868409086 0.07552855346185926 0.07079513963799229 0.06633808291878705 0.05999667866517822 0.060078798733427086 0.05593944780450109 0.13784251488727053 0.05219528092651801 0.13679335871102 0.04925805315900544 0.049163807232798534 0.004993033492645752 
0.1340680615858903 0.09976400609264381 0.08509395437300007 0.07516714128517164 0.07037299813029126 0.06608807008460722 0.06179002374171264 0.05976960324693225 0.056104265569622384 0.13780676826227917 0.13702370958266807 0.051217415529752855 0.0516166178352211 0.049566704195579285 0.006073100392817576 
0.13406696000882606 0.10100934104748979 0.08561961077720337 0.07528057772588972 0.07057949287888021 0.06557964094917945 0.06290860483849788 0.05981428722079459 0.14058705870051175 0.05480312918374679 0.05337413620465519 0.049835221042038316 0.04757253844418494 0.13833101673595788 0.006168040337396201 
0.13364151496404852 0.10066697305484812 0.08535403207109384 0.07506620763324287 0.07016081348144729 0.06613738536852855 0.0603847138327569 0.059704578573901 0.1392040733053822 0.05451571472484278 0.0537122581814489 0.05182824532364222 0.13854230826655947 0.049529316759043616 0.006139626225677297 
0.1335072529009413 0.10056467380670092 0.08526739598523951 0.07703960738392948 0.07061264254530544 0.06553596914339045 0.06294871618488924 0.05767594737534163 0.13713228859494053 0.054573523805112385 0.05374449818179305 0.13663585404125447 0.0489754395673349 0.049158883767682765 0.006135301576287518 
0.13446963579568905 0.10013175682271555 0.08551862536937 0.07514684175355293 0.06952177949397662 0.06534761270474375 0.061344598095730715 0.05749184075299388 0.13967393818759344 0.055258952453128674 0.13761573773831265 0.05152886115109079 0.04975879349771248 0.04914577030522702 0.006091733711693161 
0.13450187257784496 0.10012002546984901 0.08541451663022631 0.07520382787957115 0.07028742278034932 0.06513985389888809 0.060567578730948105 0.05736238150590185 0.139746956863364 0.1372660788082386 0.05336321168245246 0.05077348508861058 0.04955535285643898 0.049108786110214506 0.006128977006694366 
0.1339841018093855 0.09977315500619022 0.08506351859503314 0.07732031252784415 0.07036611468229645 0.06476338204075198 0.060397307652378045 0.1410928251511059 0.05776216977906136 0.05554058538170466 0.05331442822269138 0.05032533633875721 0.048606477290053185 0.1383313370098563 0.006043911489266004 
0.1334185116775714 0.10048242737352196 0.08507328910849693 0.0747287254180478 0.07022743530164596 0.06515077156869648 0.06079253691923737 0.14217275077717242 0.056908960970987084 0.053784926870288303 0.05308824020189459 0.05218810283638238 0.13872464229016424 0.049548283922551194 0.0028228288876513625 
0.13248407660851028 0.10167902069680797 0.08507041527011104 0.07498336038735508 0.07025072718440062 0.06520309741732692 0.06300004130269528 0.14205200390329303 0.056835068470217374 0.053908785135003426 0.052169491726470785 0.13772499312673483 0.04933182599905174 0.048121500139474534 0.0037987598751151506 
0.1337252750427295 0.0995823149921243 0.08493506883624255 0.07476274362863426 0.06988841364068808 0.06580116564166712 0.06154452965810605 0.14167757676684228 0.055294408051047524 0.05443716129348834 0.13920195090161055 0.05136390108481757 0.04929489134385517 0.04910900979508366 0.00613015280830236 
0.13360307766165985 0.09950254612558497 0.08485388359036908 0.07477450069901727 0.06984212758833945 0.0657533555183547 0.061500475482762496 0.14208138881077215 0.05527231021539894 0.14224671452301316 0.05097289406997411 0.05141863514036979 0.04869359987003615 0.048158036143730494 0.006130061094545701 
0.1317861878434689 0.09910156373657247 0.08408832744594756 0.07635044366594594 0.06844654606508305 0.06427143445632413 0.059811454455351014 0.14552743545966637 0.14787368380711072 0.05301387687527189 0.05343408588822393 0.05013153037578195 0.04957228752301301 0.048236747386647606 0.006075615924737152 
0.13310236027324765 0.0993610749108333 0.08472965167753592 0.076765250174655 0.06840884679933962 0.0649372732842781 0.14668253840836534 0.05944231340068667 0.05788873440807076 0.05444998966329743 0.05290958868284154 0.049804519719643836 0.04748583607259851 0.14015662749716665 0.006104955597193861 
0.1324377379818148 0.09842070240995192 0.08416406847912383 0.07604134873826476 0.06969492479346068 0.06406404600081869 0.15108605938814224 0.059322564182466994 0.05510158812242299 0.0549528747819378 0.05186787765954778 0.0507781384029233 0.1417100469192728 0.04815744193923435 0.006146145273723125 
0.13358789696288192 0.09972115951509192 0.08503501396592844 0.07484869988898317 0.06821205395657948 0.06440651309802177 0.14647954999098473 0.05934378807430778 0.05711992009794702 0.05366017557223259 0.051651774478040535 0.1390589733703887 0.048973994244090754 0.04809230281066906 0.006115071179013927 
0.1323072998547928 0.0987583764583275 0.08408020405836665 0.07604563440261004 0.06971408568387759 0.06410298223863575 0.14892399390119404 0.05759932558977143 0.05514287448546358 0.054761263655507375 0.1407808080280711 0.05143368414939636 0.04940990752149532 0.04820793200060211 0.006166196149834077 
0.1326070689686254 0.09878117057180166 0.0841138158900891 0.07420843499853574 0.06882470754616102 0.06386824934732853 0.14841203409869508 0.0590641951729234 0.056850622829582996 0.14163040190851472 0.05235809500779856 0.05072818243845305 0.04875080467102913 0.0481683782677421 0.0061367424650507 
0.1288254571282391 0.09699659378487555 0.08213431299882748 0.07248636865610147 0.06784497546305251 0.06264940990117383 0.16748140397834987 0.05690830941110654 0.16059620807809424 0.053966195034614924 0.0492079580587181 0.051072611242059494 0.04821836583759793 0.048169701046574774 0.006153353466284768 
0.12766862173633337 0.09609634243092244 0.08138736061128296 0.07468107778716622 0.06760028710256022 0.06242415079122417 0.16674473745415563 0.1665364853008583 0.053997731362514 0.05407064004408394 0.04937202205101144 0.04817261086176102 0.04820464072619842 0.04831566070325743 0.006149307857012301 
0.1312528765401712 0.09889016929212895 0.08384105014581143 0.07374349976304859 0.06911882454932933 0.15814483374077493 0.061905478888014696 0.05806930718608154 0.05550033869962781 0.05360674143446574 0.05146294481462812 0.04997780580726619 0.04847739553660115 0.14603793287380185 0.006128279076452232 
0.1313525040257367 0.0977915929216604 0.08344362672645372 0.07346472350152095 0.06722147311963092 0.15935106711118413 0.061786802371827765 0.057819685819105855 0.055285961990165916 0.05478148092760602 0.0512017737395886 0.0499050967538098 0.1478752772731112 0.04911132309778607 0.005157383413690355 
0.13007942589011834 0.09710332228910357 0.08283448680345185 0.07484280381006504 0.0686049743139881 0.16097026055642227 0.06183344315672602 0.057802052507009566 0.05446138102251063 0.05310130788195666 0.052287880773763104 0.1487984128663769 0.048959350439049684 0.04865547446070524 0.005040555636129247 
0.12956911706061233 0.09755903699376142 0.08261249765488844 0.07374769499227307 0.06842535116636654 0.1644314733912835 0.05984371564922967 0.057683634407114714 0.05411295823329348 0.05456435684536043 0.15089707778288305 0.04983628154751631 0.04848747513426901 0.048069626717916716 0.005016518443164495 
0.12883744382874687 0.09699452861501841 0.0821461035815336 0.07333309711065587 0.06804245217633198 0.16284327496558115 0.059474256589870926 0.05733302238080011 0.054824344553413104 0.15761020788927735 0.05290430207865918 0.04983894230736142 0.04848845943297921 0.04807026696367909 0.005020204133849118 
0.12418177563973735 0.09523232452706254 0.0797701119248726 0.0717893962561848 0.06609520460546796 0.17849762762854704 0.059637429551830726 0.05680335743337602 0.1774797302293217 0.05319583639510288 0.05393821313978087 0.048421028462425915 0.0479138212670227 0.04570278852536144 0.006064922409996192 
0.12662195626374936 0.09429710693076414 0.08044875989860346 0.07109756424734577 0.06523721741842926 0.1792491360413605 0.060644993853007846 0.17660666926004331 0.051591302385855 0.0506021738334619 0.05008381974584865 0.04989777443968896 0.04793909613381535 0.045818160147524004 0.006195366590591578 
0.12293796577331792 0.0913489913680065 0.0780491810207042 0.07013411692262163 0.06351554167230675 0.19707151997607353 0.1958760004270533 0.05321371249274041 0.0514043298523511 0.05131292485124957 0.05013834984111563 0.04817188767438373 0.04702804618661627 0.04571564302573021 0.0061319769804110465 
0.1289834816307754 0.09611150719607936 0.08336834531317175 0.0724882679017453 0.16979659473479083 0.06437931085487222 0.06016829042338178 0.05796327791448265 0.05524865874489979 0.05397985098579422 0.050971791482684575 0.04993520789267025 0.04808734594275416 0.15183468563514868 0.004923273165521922 
0.12829805479865067 0.09665488820873848 0.08182648449625689 0.07312410249047674 0.1679842161080441 0.0636888082528978 0.061750156544025575 0.0578149056673048 0.05528378786271144 0.053154225651843315 0.05176784039284887 0.04994759145926581 0.15074421211841071 0.049114836863870734 0.005166577681358775 
0.12751205006092484 0.0960472944464413 0.08148184272945197 0.07399543732979465 0.1725179214022393 0.06322144102180864 0.05997163687369157 0.05777064574838835 0.05412395165181735 0.053681872867668595 0.051118077415673584 0.15804040108517864 0.048561592499797135 0.0456877666672827 0.006124608998929871 
0.12767225649321123 0.0961389337123539 0.08156948467147507 0.07271557348782934 0.17032096024648363 0.06358269840503057 0.05973342685770128 0.05762396614737691 0.054027475022758766 0.05409299576239573 0.15776092181332071 0.04848783608987128 0.048498011932868915 0.04779806445562588 0.0061396480435883674 
0.1276878336953425 0.09617883890731209 0.08157765550999421 0.07416456709268786 0.17034860423556736 0.06317338966919853 0.059407938218959386 0.05771082691115226 0.05505489386565876 0.15562094679321384 0.05011469414841922 0.049044181880650475 0.04855865269219227 0.04577524178487706 0.006127527365596592 
0.12461503795293337 0.09382062685722432 0.07947351580225132 0.07033932907420083 0.1892348102599702 0.0613731342725489 0.05615981585276802 0.05531323286367725 0.1818510933736471 0.05137578638199431 0.048778817938691356 0.048566679108167754 0.04792472721053498 0.04578493057786228 0.003757631674771409 
0.12042339776926646 0.09095457055837952 0.07695743930941462 0.06875783773855154 0.2053759967882457 0.05860511214658898 0.057370870725393215 0.19932970845226747 0.05275162467121668 0.049079272568159193 0.049790948851458836 0.04821275274079673 0.04701208925425194 0.045879389029971525 0.006116153406663626 
0.11971881476052132 0.09038120705573163 0.07659300898122468 0.06838321601848864 0.20207771451973566 0.05990181177276178 0.19693304583458 0.05309941759747813 0.05348331890323989 0.05122302763778564 0.04951854677813475 0.04859371545791474 0.047022975307935914 0.04583746943787876 0.006222673972603601 
0.11516200338978258 0.08682642396215941 0.07368533711698626 0.06662114559501389 0.22778472512989303 0.22402440499674067 0.054306458401755846 0.05297960877850312 0.048222783560199295 0.049433941124759906 0.05051190836693124 0.04507788380474948 0.04182013813581184 0.045726964955194495 0.004990188736519968 
0.12313230647707113 0.09178625234077044 0.07838136834464657 0.2112752751808046 0.06463266146439281 0.05821578076969455 0.05719381183537651 0.054864190327281244 0.05459166732887506 0.051107309771248506 0.046997804060471965 0.04524582014509726 0.046669605220923074 0.18860452146973625 0.006114798609877245 
0.12297051646522432 0.09164623381513429 0.07829043653375525 0.20214604849930096 0.06337106177997365 0.06172577533851785 0.056853346857968126 0.054080336615505674 0.05499543566376416 0.0508397850261597 0.051226710886103144 0.04978715409905088 0.18169553928178478 0.0451088262795354 0.003903538227726036 
0.12288245943138605 0.09158236953910587 0.07822252440526173 0.2019896955880808 0.0632266324433943 0.06167307826483557 0.05679591834953764 0.0540723171675048 0.054332850289562376 0.05066639319100558 0.05087623000303693 0.18093701041423502 0.04828303807210121 0.045534026108797365 0.003949377567045746 
0.11863047856624333 0.08846138468943326 0.07649691854842589 0.2148706600400765 0.0631757895229723 0.06107414485429398 0.05625672217880967 0.05356015304412639 0.05383579261014581 0.050116789073082924 0.19775699807425595 0.04826507483329003 0.04755431940309816 0.047906965628158875 0.003908833232768657 
0.12178782616231744 0.09080014602276411 0.07848126642387018 0.20213777217418194 0.06358995493117382 0.06159485905995285 0.0569274356935762 0.053305079888091474 0.05415391687638803 0.18571330272366648 0.04817995512009431 0.04660668113645548 0.04762169062481577 0.04583827231131933 0.003915878556418717 
0.1169469223550694 0.08718945799303224 0.0743675313171167 0.22640026452479092 0.06253232660232506 0.05689663711125928 0.055894785697448185 0.0531563394808415 0.2095567090174857 0.049231459359888624 0.04887752240844798 0.04658938191859301 0.04756528033772953 0.045112766739056856 0.0039059517561233032 
0.116785406492223 0.08707178495822152 0.07508660017923968 0.22660834070969438 0.06305096301776018 0.054946623809823854 0.05521365682987761 0.2148267498391808 0.048074252659210906 0.049359677911042274 0.04572732677186534 0.04649440061143351 0.04756200132512035 0.04513267992786758 0.00427461454683956 
0.1121223330288651 0.08581206026100206 0.07202548135928148 0.23676370975911828 0.06233883204538847 0.05649013962939869 0.22507091506524995 0.054959903540851174 0.04845498253344799 0.04915838351658126 0.045865695905986915 0.046654209241786634 0.041997396590378856 0.04515533804920824 0.003950479947289282 
0.11506278882714971 0.08579483622933934 0.07319908961612007 0.22933249426162122 0.062060870722748594 0.21807822739384924 0.05288462013085571 0.05347527616221826 0.048604530773602085 0.046685016615364956 0.04617586792953325 0.04401158752467739 0.04220969842583378 0.04499008129814136 0.0037456145176578974 
0.1105124684928293 0.08351831244639782 0.07039171354209237 0.23658258162121065 0.23574320613047603 0.05656955166308545 0.054769506605919394 0.05375007458153738 0.04689980688631312 0.04999416229014155 0.042824831324227236 0.04411988964226166 0.043946166449099905 0.03696110845682855 0.006214670580395002 
0.12356135075297199 0.09190552966471217 0.2185949202595244 0.06590211194061145 0.06278561553571811 0.057112487814970164 0.05562779048590753 0.05202739291408136 0.04928935520620306 0.04864275413164887 0.04593415292880344 0.04426190002846416 0.04648089825064715 0.19285935940412338 0.0032618449942080478 
0.11490303892803447 0.08831729890911048 0.24110681103093282 0.06529066677121137 0.06216211526870272 0.054709420872010125 0.0561218025951352 0.05119248365285416 0.04876950745410473 0.04813447619091192 0.04544459280753273 0.04381623387868469 0.2173663759879811 0.04577200805317225 0.0032439385607582437 
0.11275910413909049 0.08657752344958682 0.2429650007332687 0.06388871231424134 0.06153287585047768 0.055960696905011056 0.05574406611372411 0.05061682623636014 0.04834044462870331 0.04765759550121663 0.04504749994312465 0.22145259518753424 0.047652855914151415 0.04662971885131481 0.006221629919784958 
0.11453659730192864 0.08528876030961204 0.2476120448257165 0.06449338524132413 0.059074821089774195 0.05428193562735473 0.05585168206841194 0.05072331402889263 0.04838812768997018 0.04642896007647448 0.22513391069534264 0.04684523635712059 0.03849538097237404 0.04596426964107675 0.0034956542663618683 
0.11213768199258917 0.08623663071052952 0.24533007618738123 0.06388812560899887 0.058523301747488855 0.05372981465010816 0.05535943259144735 0.05024455432556393 0.04880980886160359 0.22726969569363087 0.04884137114772573 0.04683618239228401 0.03866109514798718 0.04596391909059263 0.003581261347909937 
0.11232355769565507 0.08283934729869102 0.25387634960038197 0.061836368605125314 0.05777146098338679 0.053601033229388424 0.049465072895446736 0.04993313341153683 0.23742608504875493 0.04959829753810822 0.04610066309213681 0.046620110943036516 0.03841474077501324 0.045951265685777655 0.0038610040846632594 
0.1053030434312982 0.07860063354714712 0.2703563020772357 0.05996840251887654 0.06052022126585417 0.055497933456964806 0.05433118993866153 0.25523957474578407 0.04523241305119647 0.04714225953111258 0.04651793688750227 0.04458437539260806 0.04027284494681136 0.03744092289298339 0.006412702838641149 
0.10383377559210032 0.07765225102867701 0.26653056128860636 0.059166447827583644 0.059710518335221036 0.052080303557458435 0.24923973562285584 0.056495198121102506 0.045072308310412874 0.04423824351910489 0.04966781986971371 0.0449858415225969 0.03973030754717601 0.044230301462005774 0.006136243173795117 
0.11103401416942561 0.0825959009100936 0.2565165786144601 0.06123571313910222 0.057769571221442745 0.24789118941031607 0.049209564704608875 0.042646123705884026 0.04936489712549102 0.04765673664971588 0.03882406717702298 0.038652050295843225 0.039111993168394435 0.040772894591785 0.003926963636367381 
0.10921142805450787 0.08394503856089765 0.2557970282305114 0.0615168235285245 0.24976151459462143 0.04784374613651726 0.0497790123813863 0.04304043985172591 0.04954545630795764 0.039016504059966345 0.03833082963242796 0.045047251071721264 0.038523022214636896 0.04078936356238329 0.0035270285126938242 
0.10900980061685984 0.0815342144634692 0.25280829200742055 0.25304612104101176 0.05102182206221722 0.04816968840240232 0.049927506490230596 0.04839722204200013 0.04974860028682102 0.03932757426365179 0.036759379756063595 0.03507703117567431 0.03845319800599749 0.04120554445707866 0.008294578984166152 
0.09491817459815713 0.3016931634895477 0.0682060555274723 0.06159337576572032 0.054728291751375335 0.05161082005809216 0.048410690051224635 0.04311098951471868 0.04733184212528748 0.044150714735172306 0.04067261084599095 0.04245320106930481 0.03987703612958361 0.27368859918947763 0.0039011626890919616 
0.09455824063610482 0.31819707303118394 0.06875974901696635 0.05368204713808784 0.055138279714872424 0.050931296860754684 0.04423369113414391 0.0433619393169971 0.04740735111445137 0.04536462205679719 0.035003307331163344 0.03984400186910227 0.2857001392214971 0.0371150239809727 0.006528151439538355 
0.10612530452320112 0.2851815728487936 0.06941756576231191 0.05368558166253884 0.05333790111047024 0.051570117664674495 0.04837744787176708 0.04306523082809642 0.047481259897738555 0.04505980108160402 0.040735503930782166 0.2619740377842075 0.039652607505589535 0.03711910316214898 0.003985542386758722 
0.09478882479485694 0.32765196917850004 0.05251382793215183 0.05255706167528248 0.05240707417133267 0.049580468484731854 0.047446158668104026 0.047695143552929094 0.046703814163182505 0.039692885036623486 0.3039825655742301 0.03818695087298666 0.03964175014628649 0.037109068697541894 0.004001218140323158 
0.09645932851233087 0.3197564860063697 0.05213659682111016 0.052203959656208776 0.05346903698351202 0.049419375294370876 0.04741296498354809 0.04748897818922922 0.046522715563318 0.3006149439182182 0.038392017878847315 0.039493503512934715 0.0393547365152898 0.034937156887418545 0.00529967732987337 
0.09664559493256474 0.3203752766524525 0.05236220625624742 0.05266510073690674 0.05289361724280258 0.04936694324256367 0.04642818553524774 0.04763685568122514 0.2995641343033828 0.03904706766604107 0.038416236346536924 0.03951900333307742 0.03894087488817432 0.034601174520195406 0.0052878903881384215 
0.09527724213215137 0.32934949575328676 0.05194796416433929 0.052545202707538194 0.053189507202753325 0.04974473537925823 0.043270764791036316 0.30706106004751527 0.03837564954763866 0.03699757383048607 0.03724152484534717 0.039738785471492157 0.03472933546420913 0.03710191770038137 0.002721468463966195 
0.09195902476390974 0.3036695629695632 0.06203243735426954 0.0600606024176544 0.05264364347779605 0.04833607890261902 0.26370110119006684 0.04528082895335192 0.03891471057426188 0.03484737723920154 0.043194141413994226 0.04006608737436217 0.03973491753835851 0.044908532108261866 0.0039704141003782225 
0.08822595142508949 0.30450313160232345 0.06709358488092171 0.05089765661586058 0.0511618195798939 0.2920617488217186 0.03745330877908971 0.036775113647505575 0.053028135370230274 0.04516152751956013 0.03501595205802105 0.03933255738112437 0.043876582403521436 0.035030802442542315 0.0038901844853686625 
0.09466574445769073 0.31232856355135596 0.06374525314053354 0.05157506181830669 0.2928994937954575 0.04280824802044729 0.03322594501967502 0.04534773279959581 0.02856845608475121 0.03941642290715857 0.037759563426780635 0.04013308334628156 0.039022979852288586 0.03468223880991722 0.005362812446009535 
0.09448267700722301 0.31276231622356104 0.06398141749789314 0.3088766983224005 0.03462509764216452 0.042839916846800746 0.03298984232909178 0.03804830435132901 0.028414876638496976 0.034149649231958 0.03775873147293289 0.043907491717732595 0.03886917448499399 0.03311475135503488 0.00813222232197869 
0.08714945767344773 0.2881529056387185 0.26895042122007085 0.055084376486323194 0.03702193216225009 0.05043916124510829 0.049953524403895784 0.03713785800040067 0.03901112784040402 0.03275633846059019 0.04371393379394949 0.04005369550631239 0.03968706075718633 0.03400781843901528 0.0030803412112728606 
0.3338934109268998 0.06946921320314817 0.04569758950788119 0.0442868260638389 0.04647877400985324 0.040424942709281896 0.046144261830498134 0.04096595839223497 0.03172276616367325 0.036149970252873406 0.033345815101551345 0.031898324983209665 0.035084974404762596 0.30873251844428173 0.003167742766994963 
0.34969068650512314 0.066624254271367 0.046875582625342235 0.04624055603871596 0.04829923534760081 0.037815590861569465 0.03088957821440093 0.04098904984801865 0.029137877040874043 0.03226435861020648 0.03138139759465345 0.03150547373873703 0.3158912137074463 0.034333607886180714 0.002732783897789091 
0.4017291777088011 0.0382020240301717 0.03808012442521527 0.045280072428646206 0.047758102283145136 0.037409803894207075 0.029617064920576627 0.033099312756730725 0.029955683740569145 0.03134678733855645 0.02876729605308073 0.3824960591742553 0.028689026737914968 0.03434309312193687 0.0029715519387146635 
0.35551662661352224 0.057418729128676634 0.04614124743597256 0.04498210152959176 0.047579377813960724 0.03645049247406864 0.030424631598337477 0.03310896000655292 0.033923643185550384 0.02562969799628983 0.3295075334556926 0.03509602679652715 0.038797636232814396 0.034399473392461986 0.0033666116672054283 
0.31602845623450665 0.06677735425635985 0.06182858824294735 0.044181271769070204 0.04921401986985472 0.03747093587206459 0.04575643058639831 0.040788643768209225 0.031634115599999485 0.26717573717733883 0.03305345976147455 0.031645382488760025 0.03550694643384681 0.03289653050789721 0.00363990169814241 
0.3442173814937975 0.055519264380230735 0.044753408972422797 0.04338984460063461 0.0460524569762846 0.03535806020551384 0.04500245641127282 0.03280535138104794 0.29794470664072303 0.02945215148350984 0.03512209841905109 0.035144644065011915 0.038837276623917276 0.03444127806437485 0.0034178771897395996 
0.34443298144513923 0.05732464379028051 0.04648902261528176 0.04410408441119263 0.04653264532572184 0.036498176923636855 0.028145303524475696 0.30922149210544575 0.0339070711627368 0.029726236001408165 0.0352990450592947 0.035322962542110155 0.03903393026030675 0.028008888949504943 0.004365198500062906 
0.3366007935380335 0.05507508770578061 0.04530676604453349 0.04278609691982647 0.04466078752636284 0.035442289620487864 0.29965567748981914 0.03822317348539064 0.032830201022388907 0.029649533881840287 0.03513903096252544 0.03518318532481004 0.035308153979528654 0.03431560822925951 0.0034719159976198772 
0.3342642802064432 0.06233430070785487 0.044819706486916785 0.04413348632993819 0.025664465781566982 0.30851631221554937 0.03518543303855895 0.03859233693468905 0.028917850341227423 0.029495545172296776 0.03603254346360087 0.035248912934414206 0.03888077018556812 0.0347012022336282 0.003521197986493114 
0.30793463338274096 0.06674584495020672 0.0426935256080729 0.03464921835875794 0.30649679036709954 0.04379260489326338 0.034447943713894494 0.038450056828419836 0.032535236830510045 0.029797775670145212 0.03717168146155119 0.03538816086316508 0.03905014274671828 0.029488376801522442 0.002799552799851286 
0.3203129921604574 0.051872663372515684 0.043116601249206354 0.32446826046467947 0.03596737673691921 0.045708813942737646 0.0295229538492775 0.039507590116870835 0.02947273752677714 0.03037932254986163 0.03598619233573123 0.032319310898100626 0.015412352617503698 0.03455345550729865 0.004463080246807428 
0.30146732162617645 0.04898146395855745 0.2884297766948931 0.03243810641294176 0.034594173552850924 0.04191475653665665 0.0327407920412757 0.03770043253514133 0.0325573496628331 0.034750252191988094 0.043701181993745265 0.035180743908027175 0.03909157200173753 0.028269203865190398 0.00364715283154523 
0.2821263099219887 0.2558001298427358 0.04981696885263976 0.03058708995662586 0.03491396031489693 0.04292053256421374 0.033929413613182184 0.03846183313214245 0.028805328451997465 0.02975285131580966 0.03794989710096605 0.03542101963318933 0.038713236979472085 0.03510672242538466 0.00449012367568387 
0.13841387693515633 0.10327600161015453 0.08965680963836109 0.08076813140506969 0.07202123385110897 0.07087652785573997 0.06600180433915778 0.059810430202736645 0.06073138813001498 0.05737023407499699 0.052745673112589674 0.05311582225680008 0.047519206578405845 0.162774434631561 0.1561634406929004 
0.14025747386068677 0.10655204785218686 0.08981461512249901 0.08151865201009131 0.07424849960049527 0.0690011652923282 0.06357025559016041 0.06028901593540974 0.05944755579969772 0.05266479005330442 0.05502325667350739 0.0480825769207824 0.15129220033538504 0.04889514273005922 0.15183726189239982 
0.14019176930563795 0.10461295318476638 0.09086583605900433 0.08141623458682107 0.07283845963209412 0.06869344403598986 0.06325357959554942 0.06275255088904985 0.05685387425007398 0.053569152395966664 0.055074497415863094 0.14997256251781754 0.049824725106111606 0.049088640426990904 0.14982580454275612 
0.13853763542298794 0.10332139773168705 0.0896919694177476 0.08073165357645698 0.07334331364936549 0.07095524339612429 0.06288300100200667 0.06158486322768113 0.06066571507495901 0.05737357947825914 0.15363808709659194 0.05059485088076776 0.04853365428525033 0.04889865838284712 0.15115568836664747 
0.14059596839735058 0.10468918543631944 0.09096067731762399 0.07891614319962588 0.07399489349446445 0.07152636731225555 0.06354922242260522 0.06021762680902119 0.0562879054635561 0.1504937894003916 0.052120911404202566 0.05057058117649505 0.04852847760823556 0.048895142512508816 0.15115294158051484 
0.13784918236277455 0.10263532108664337 0.08923291739960554 0.08212250940353413 0.0730207950231935 0.06910079823155839 0.06309105891397641 0.059522632955752344 0.15528184196714184 0.056648393475991446 0.0520630918306984 0.05578650769988343 0.05032199831258114 0.049287737283560826 0.15156999762487117 
0.13545000722454975 0.10395002174346087 0.08696182825147267 0.07667544886966611 0.07053404432522908 0.06923373028003221 0.06442852604209262 0.1717121743790866 0.059053420361502 0.060461123495496885 0.055189300644921876 0.05087282448312082 0.04996403870755775 0.04800493385304083 0.1585235392821058 
0.13674743023380953 0.1021504553268554 0.08720878681583175 0.07888553256616701 0.07209151761581734 0.07117614966880924 0.15457742298478203 0.0613288439240986 0.05974360220812542 0.05739092903814296 0.05216600017484303 0.05492305163284585 0.049901653793560735 0.0510088256839629 0.15171949526492776 
0.13922372193859756 0.10365157145491043 0.08837221981048422 0.07777685252913806 0.07094774632398014 0.16802487161136495 0.06525413251481148 0.06055502059132946 0.058893004466824016 0.0603222184138837 0.045520066033023686 0.05130400559196201 0.041850735805975044 0.04890972822681516 0.15780933677517764 
0.1311178847531221 0.09789187249306831 0.08353946859200458 0.08118064754606105 0.17588176228007912 0.07325888948882417 0.06830931321829663 0.06043274123658463 0.05811964119674616 0.059571544449925955 0.05110996310851558 0.05019265052298571 0.0501689892486848 0.04956952439733053 0.15731975633415288 
0.1357870007223325 0.10121096015881767 0.08627217197054515 0.17806721638815048 0.06657613263977519 0.06483258430539768 0.07163104220517419 0.05753088365466722 0.0576052241565633 0.05541505255314187 0.048365319224578866 0.05234069036293082 0.047689646468080854 0.04773498064056657 0.15605466195378 
0.12166306838332604 0.0907248407145027 0.2328218790232528 0.06264074477588627 0.0694502972690074 0.0657684381377252 0.06401522715977818 0.0605462938675435 0.05492733178318814 0.05732958786602701 0.04930989277238344 0.055598394271761956 0.05566861672320105 0.05116352602068006 0.19404501801559937 
0.12590362790463416 0.2453732511076901 0.0818647440987257 0.06475752303464899 0.05747340334070443 0.06101356607866095 0.05308467741085871 0.06104614685776872 0.05110945117004066 0.05422841267822854 0.05496390073455972 0.037572584527804896 0.04691506785041693 0.04556024175466749 0.19345086552670232 
0.31905483139673957 0.0816284047001175 0.061490787106835205 0.051996589706707154 0.05672916612623051 0.05392481186568782 0.05616914619494594 0.044518094023524364 0.05784066966319886 0.0346448190311087 0.03757184748552268 0.03412151159720776 0.038616476542752715 0.036736981916283044 0.2215706371719022 
0.5218054119236674 0.03556858379651983 0.04682621907223278 0.0333353442439662 0.030981548073327224 0.041585157098268447 0.033450831487536456 0.037434787971431537 0.03224750706904781 0.03954599956416851 0.037979448151355726 0.04005208030019933 0.038970028740617 0.029445690372069788 0.036505220871791984 
0.04554012654817316 0.6435957273843367 0.04236835365602085 0.05083033121591728 0.05312257617251217 0.046562553695539806 0.04815791781794704 0.04614148666877766 0.05115713570427932 0.046992199661937704 0.04522328002881724 0.044733338323664856 0.047955261053184525 0.04567313078869192 0.042618317365768765 
0.056269010953116746 0.05543725717090914 0.7192141687116285 0.055085777199167185 0.05156615132325426 0.05518673838334422 0.051562608856034906 0.053797557921116 0.05118259123569481 0.048489368610321035 0.04860509010418455 0.05233036803095341 0.04783566727642066 0.04782337572743382 0.04091371729303088 
0.06688074942714513 0.058537188988620495 0.04985306301867817 0.7827506664822411 0.053339040048164026 0.055377948264263954 0.05327361038136894 0.05462765992779369 0.05594015194095799 0.0550491861351199 0.0537768459001142 0.05199665926270951 0.05240645203414499 0.05495314822426554 0.04153561709556045 
0.07247999860887056 0.06403422758368475 0.05382454442320004 0.061989751790571236 0.7898783933083626 0.0591300417181289 0.06008070884813432 0.054559631093769996 0.05667966899429335 0.05337169938975209 0.053771522233360645 0.0533673634583923 0.05281154340281298 0.05494841014938891 0.04956431672646118 
0.09456080168277259 0.06970408566908752 0.06554498853029629 0.06301517140032417 0.051754025213828374 0.6822030928198694 0.06175225167578312 0.05872600189651249 0.05361462261044424 0.06010765411863285 0.05388221769334603 0.04972778934361207 0.05018745479868656 0.050919504462000956 0.012303662938616794 
0.08931565081659583 0.06689452484883593 0.06364456203747114 0.06820927845755116 0.05969372575868288 0.05557661644709189 0.7751377885232307 0.061708292248587225 0.059925721297225135 0.0558451408501312 0.05368122818435015 0.05409272514410219 0.05546943631658839 0.04738987275286216 0.0402665901012629 
0.09385052988956692 0.0821222649990248 0.07116733660691321 0.059597819122583724 0.05488887360544009 0.05608793618030201 0.07052999380287278 0.7008522430945363 0.059696112218043974 0.05225635241316946 0.053489549614383076 0.053772015785827354 0.05532584364789131 0.056404469179838254 0.03941255877888496 
0.094413889329028 0.08300988976434434 0.07690117990457288 0.058799153413095155 0.06722803338300593 0.06112817645932514 0.06296587097590525 0.06927070713522124 0.6816503337570279 0.05628927992171268 0.056533797688074455 0.05101724791429528 0.04781775481904757 0.04829805076000715 0.04127161637708201 
0.1016807755416828 0.07613330609275276 0.06920076187290755 0.061039802511960825 0.06706547432745541 0.06548142158451536 0.04912035402269078 0.0681293502957688 0.05505180908252374 0.7686339774097654 0.05652562534697182 0.05132866265065369 0.04901538470243422 0.05659939011554961 0.043227003631074526 
0.11001725560002663 0.08991230968463962 0.07339923263584965 0.06593208018319086 0.06032537405042199 0.06196682481873046 0.07356173188057023 0.0529342312749818 0.058648046054855164 0.05069026535854599 0.6058859249967172 0.05098336654379064 0.05041756749346971 0.05624399218961289 0.037743237919896214 
0.10768393823215687 0.09563410868310929 0.07450720013698833 0.06877829311107225 0.06294137269504299 0.06346537237430416 0.05577614056226701 0.051351991000779036 0.05379164632515657 0.060875457455975474 0.04611098262957983 0.6728831403283068 0.05329015901993255 0.0510893401057388 0.043048677107867306 
0.11075463772421756 0.09093147701227228 0.07384082721127455 0.06477053748306202 0.0619654342064265 0.05739243429786846 0.07238863682721351 0.052793175506517714 0.058755040917471205 0.05040015927022113 0.04854155148581789 0.058573073523260105 0.677972220334222 0.05635246524973567 0.03738760674656989 
0.114017437317355 0.08521078750909493 0.08105062055283727 0.06742673658881294 0.06264726065471872 0.05824951787514538 0.07948999427927872 0.05682270782885576 0.0604085290362185 0.06190098133090932 0.04899173945427464 0.04391793288177212 0.050453234843175127 0.6338129278894737 0.03419306446293358 
0.14165340759576106 0.10758883550404293 0.09242060423438346 0.08343627399182628 0.07741954116974394 0.0742139920038583 0.06836915251959057 0.06591186016779008 0.06314007646792713 0.05962881162469129 0.05791221642349694 0.055977285734724665 0.05236037411319074 0.05706788572558392 0.3709772879073599 
