0.2745648523913498 0.3005434616208097 4.09896248897053E-4 5.653640582708736E-7 0.2906295584446726 0.0029624408397305054 6.3259406909125246E-6 0.19139812805024198 2.44075798328395E-5 0.15298239783417877 0.01538214976500438 0.011797205020302797 0.25957071897982487 8.911484315808217E-5 3.403102491537739E-8 
0.0 0.0 0.0 0.0 0.0 0.0 0.0 0.0 0.0 2.503505343972272 0.03828640500517563 0.029229685961906483 0.026296633908823926 6.44824891104247 5.987406014553529 
0.07082199558887545 0.07082199558887545 0.07082199558887545 0.07082199558887545 0.07082199558887545 0.07082199558887545 0.07082199558887545 2.49165690391584 0.1251659146598786 0.1777987743395412 2.6399707677125206 0.2195397990551479 0.07082199558887545 0.10489036526067014 6.0418997610220035 
0.0 0.0 0.0 0.0 0.0 0.0 0.0 0.0 0.0 0.0 0.0 9.262168899274872 0.3836406786877467 3.171725580063945 0.08061822240471309 
0.08572089333524678 0.08572089333524678 0.08572089333524678 0.08572089333524678 0.08572089333524678 0.08572089333524678 0.08572089333524678 0.08572089333524678 0.08572089333524678 0.08572089333524678 0.08572089333524678 0.08572089333524678 10.351190826917815 0.4619790245497413 10.514867213546605 
0.0 0.0 0.0 0.0 0.0 0.0 0.0 0.0 0.0 0.0 0.0 0.0 0.0 15.200320564038702 9.134715338487567 
0.22065841328188737 0.02544796827569683 6.202100914511592E-4 5.30046302671641E-4 0.012026979059674639 0.03993396943462717 0.01265324257628601 0.0019051293730485475 0.005946561585355406 3.661813719457755 0.09889273818665631 3.314514012672032E-7 3.868198546931276E-5 1.1082303633094942E-4 2.63267803307681 
0.16446913778277944 0.0794003652122102 0.07907543910629104 0.08426363050157021 0.0795544309878949 0.09621542610927737 0.08062929158780867 0.13669770783692853 0.09950125347476887 0.08134367809440905 2.4910056254245436 0.08740568769644386 0.09837728396447845 0.14559480443078082 11.194494190037926 
0.0 0.0 0.0 0.0 0.0 2.11241997383575 0.0024881756885950326 0.00444245817863627 7.188276903658861E-6 0.07852982426711523 0.2687106816136905 0.4348492055925049 0.003725016923222677 3.080478019779183 1.1966058397415866 
0.08837254333044785 0.08837254333044785 0.08837254333044785 0.08837254333044785 0.08837254333044785 3.5793963101255066 0.19453143367347514 0.08846004310640405 0.38992335752264373 0.0884173222768405 0.12453604695410427 0.0883737477037585 0.08847241490115991 0.0884146234818908 9.276541733726889 
0.07539086383810722 0.07539086383810722 0.07539086383810722 0.07539086383810722 0.07539086383810722 0.07539086383810722 0.07539086383810722 0.07539086383810722 3.8716018645317103 0.14410102022063728 0.3802829855192514 2.689977398058373 0.6780212013890451 0.11737513698058338 0.07541363145223365 
0.07107437746526328 0.07107437746526328 0.07107437746526328 0.07107437746526328 0.07107437746526328 0.07107437746526328 0.07107437746526328 0.07107437746526328 6.365489999228913 0.18641950952139444 0.07408021597658439 3.2826934487456487 0.08754690706114808 0.12204141779098152 0.07109498477036015 
0.0 0.0 0.0 0.0 0.0 0.0 0.0 0.0 0.0 3.8242979325061515 1.2152922233601668E-4 2.6453715055321534 0.18889439057438978 1.2090152607202485 1.8798223530260891 
0.0 0.0 0.0 0.0 0.0 0.0 0.0 0.0 5.390826407810475 0.47773596478193175 0.05441561485221218 0.6642666471897428 0.002214560591872774 0.24600832540206438 4.066548794253783 
0.07391268679771534 0.07391268679771534 0.07391268679771534 0.07391268679771534 0.07391268679771534 0.07391268679771534 0.07391268679771534 0.07391268679771534 6.699705261356931 0.07392213339568227 0.0841375201132367 0.3589917306436081 0.07579961230895144 0.07391382741134392 10.755992815850488 
0.06311113217287984 0.06311113217287984 0.06311113217287984 0.06311113217287984 0.06311113217287984 0.06311113217287984 0.06311113217287984 6.790184537212336 0.2820146292580701 0.0633172145767267 0.12658586516729126 0.21451287536832944 0.07883173170088585 0.06311815666868928 6.032650126898571 
0.0 0.0 0.0 0.0 0.0 0.0 2.2664235608344843 0.028089843247353 0.017140259749179727 0.1136137741384479 3.042977954177229 5.528408060593593E-4 0.10147714615767024 0.1052506150993392 3.530383087447662 
0.0 0.0 0.0 0.0 0.0 0.0 0.0 0.0 0.0 0.0 0.0 13.783623827767 9.242708127244995E-5 1.0395017093808478 3.8837664514155184 
0.0 0.0 0.0 0.0 0.0 0.0 0.0 0.0 0.0 2.8015572612331665 3.451753682830883E-5 4.262562425575702 1.231051502422878 0.3252869884303312 0.052738219932798 
0.0 0.0 0.0 0.0 0.0 0.0 0.0 0.0 0.0 0.0 10.608457387815836 0.008994222476594975 0.010022849470427664 0.04195325147282859 8.29706910939843 
0.0 0.0 0.0 0.0 0.0 0.0 0.0 0.0 0.0 0.0 0.0 0.0 0.0 18.597085043901266 6.028443217399772 
0.0 0.0 0.0 0.0 0.0 0.0 2.493883549082187 2.957047397259207 0.005327668571297792 0.027867866384720864 0.02070418484410946 0.010515134516165767 0.03543696017748657 0.0028861409984290835 4.448079540675602 
0.0 0.0 0.0 0.0 0.0 0.0 0.0 0.0 0.0 0.0 5.499253637329256 5.5911688889698175 0.02752498320015382 0.16009309949492254 0.026581176179621968 
0.0 0.0 0.0 0.0 0.0 0.0 0.0 0.0 0.0 0.0 0.0 6.87819243583076 0.012560814844924087 4.9598045876634655 4.291440288934482 
0.0 0.0 0.0 0.0 0.0 0.0 0.0 0.0 0.0 0.0 16.683764874850574 0.014145081376671484 7.750561798105999E-5 0.06361781846196152 2.6273985218983276 
0.0 0.0 0.0 0.0 0.0 0.0 0.0 0.0 0.0 0.0 0.0 0.0 10.798359308675064 3.4470781631481695 2.438287684285602 
0.0 0.0 0.0 0.0 0.0 0.0 0.0 0.0 0.0 0.0 0.0 15.746730133521709 0.013441469184507443 0.22827624300318752 4.699622655386116 
0.0 0.0 0.0 0.0 0.0 0.0 0.0 0.0 0.0 8.370339652809246 0.07695258849674444 0.35758757215659154 0.4729304957847568 0.017902921236995585 4.270601372997219 
0.0 0.0 0.0 0.0 0.0 0.0 0.0 0.0 0.0 4.995228704661166 0.06431583582257731 0.1555536508672701 0.12640969928920043 2.2920498961537032 5.433269896318264 
0.07041471148464121 0.07041471148464121 0.07041471148464121 0.07041471148464121 0.07041471148464121 0.07041471148464121 0.07041471148464121 0.07041471148464121 0.07041471148464121 0.07041471148464121 0.07041471148464121 0.07041471148464121 10.411581368139814 2.2286386718553355 6.026043158094235 
0.0 0.0 0.0 0.0 0.0 0.0 0.0 0.0 0.0 3.651725343533387 2.984056080219819 0.10750776309578959 0.1815643400840215 0.2527225788631652 3.2492424744192023 
0.0 0.0 0.0 0.0 0.0 0.0 0.0 0.0 0.0 0.0 0.0 13.163809045126708 0.05544854833854035 2.1068732233291274 0.020903327526938364 
0.0 0.0 0.0 0.0 0.0 0.0 0.0 0.0 0.0 0.0 0.0 14.549224585337335 0.6054855858381257 0.1608252704916631 1.0735131697954212 
0.055638826995337745 0.005914093120005806 6.987612784118219E-5 0.012032045961062436 0.003427978474060217 0.011115836345831869 0.018461430000702297 0.03178813664616766 0.018375638988341016 0.10028944470882875 0.040958993914367345 0.004989488434872713 0.07619898982786617 5.592500549425865 5.8760443454540345 
0.05544261267764258 1.005412809116041E-5 0.0017387473833292636 0.022206681650067103 1.240156948733581E-4 0.010896030092673299 0.01786473582256832 0.10191016699246346 0.07676387526964844 1.521800167133758E-6 9.784593462408195E-4 4.531996476681 0.08224401764620286 0.17606972559754694 5.875828895172685 
0.0 0.0 0.0 0.0 0.0 0.0 3.4169651113985156 0.04495882143337845 0.1799490203253865 0.14018103627235723 0.007130748307348668 9.46363627367694E-6 0.04547666941530995 0.026555721484947843 9.24401245530611 
0.0 0.0 0.0 0.0 0.0 2.0498826893353823 0.008152216306196568 3.0794892833402097 0.022486064784378097 0.03162867183280109 0.05698268212241509 0.09081814702205127 0.04007499681481078 0.023971775027468303 0.019377921201211967 
0.0 0.0 0.0 0.0 0.0 0.0 0.0 0.0 0.0 7.449085396287344 1.0230678786719263 0.12159016645151194 0.20329095652530513 0.16373919895353053 0.9764841810005637 
0.0 0.0 0.0 0.0 0.0 0.0 2.677661008728476 0.021475756284001217 0.01986288949423599 0.051950769127243536 0.004334697077345782 0.08611138851594283 0.053644789679226895 0.13524785028091857 11.952570528255535 
0.0 0.0 0.0 0.0 0.0 0.0 0.0 0.0 0.0 5.218377250805436 0.10420057749972253 4.393428578513185 1.3489932274779635E-4 0.34625437562669953 1.3788741518583336E-5 
0.0 0.0 0.0 0.0 0.0 0.0 0.0 3.8384383317640443 0.007116439746290563 7.940634092469538E-4 1.1386562280695566E-4 0.028229986082755752 0.07178692859318149 6.887719006604426 0.01575886266519994 
0.0 0.0 0.0 0.0 0.0 0.0 13.84338873557383 1.3912518409391766E-4 1.2257589803560658E-6 2.2879232087519736E-9 4.726310080078227E-5 3.124396900668733E-5 8.24114445318282E-5 6.386813801579204E-8 7.213875243580574E-8 
0.0 0.0 0.0 0.0 0.0 0.0 0.0 0.0 0.0 5.504771056374798 0.00423526290678088 1.7197489780709725E-7 0.005875920710510112 8.070015235121783 6.781880283838202E-8 
0.0 0.0 0.0 0.0 0.0 2.974034591824023 0.047276454229697035 2.024185272873447E-4 2.6080943380799684E-6 0.02899967001617044 0.14541377543888126 3.259357374623135 0.07085270750383696 0.022925125797466597 0.022192457330313803 
0.0 0.0 0.0 0.0 0.0 0.0 0.0 0.0 5.351138238240931 0.028672362975958474 4.767075434528258 0.06569671653423372 3.4133813528113635E-5 5.731137911922886E-5 1.346567867519877E-6 
0.09611170269094019 0.09611170269094019 0.09611170269094019 0.09611170269094019 0.09611170269094019 0.09611170269094019 0.09611170269094019 0.09611170269094019 0.09611170269094019 0.09611170269094019 11.48750199354835 0.19545885873029847 0.14443574101910522 0.28017216548079155 5.985253472924445 
0.08640967517702358 0.08640967517702358 0.08640967517702358 0.08640967517702358 0.08640967517702358 0.08640967517702358 0.08640967517702358 0.08640967517702358 0.08640967517702358 0.08640967517702358 16.59578395486598 0.29592453500509586 0.12520552073040858 0.16035140310073998 0.08641214012812048 
0.0 0.0 0.0 0.0 0.0 0.0 0.0 0.0 0.0 7.377716647377276 0.01584080175101003 3.0347666737984866 0.1309908683840019 0.0653001404282946 7.21476586852416E-7 
0.0 0.0 0.0 0.0 0.0 0.0 0.0 0.0 0.0 0.0 5.814493721411075 0.07440089099400189 0.010712902993439464 4.9847201872032964E-5 13.3978377580645 
0.0 0.0 0.0 0.0 0.0 0.0 0.0 0.0 0.0 0.0 0.0 9.962625597456473 0.01555418179628593 1.085844395210151 6.039393430374121 
0.0 0.0 0.0 0.0 0.0 0.0 0.0 0.0 0.0 18.18036063042836 2.195848352039917E-11 0.09887887031739456 1.1220968343117509E-10 9.72956111931627E-10 3.550933735853995E-8 
0.09473328447669015 0.09473328447669015 0.09473328447669015 0.09473328447669015 0.09473328447669015 0.09473328447669015 0.09473328447669015 0.09473328447669015 0.09473328447669015 0.09473328447669015 0.09473328447669015 0.09473328447669015 15.889862474139644 0.6797035124953698 5.046383626440992 
0.0 0.0 0.0 0.0 0.0 0.0 0.0 0.0 13.775907249841653 0.010139458558667073 0.013386032397887325 1.2766041832032676E-6 0.01559929907747747 8.349988180200898E-6 2.4287168924372113 
0.0 0.0 0.0 0.0 0.0 0.0 0.0 10.447438623245166 0.013839531789582705 0.198142110530519 0.05068359916129714 0.09873827931262177 1.3640280654887173E-8 0.0059367727815525404 0.004470133462602683 
0.0 0.0 0.0 3.804758022752069 0.044214214641982975 0.007025481675233268 4.3259808119145104E-4 0.12433561913369096 0.08646127122977475 0.01025167025882795 0.0117097804401291 1.6662321754792188E-6 0.015476494573018196 8.29237450871732E-6 2.53157499523872 
0.0852794620481591 0.0852794620481591 0.0852794620481591 0.0852794620481591 0.0852794620481591 0.0852794620481591 0.0852794620481591 0.0852794620481591 0.0852794620481591 0.0852794620481591 12.501091748337238 0.22450256186048684 0.7125854377566095 0.25826722668967583 0.15717874611921906 
0.0 0.0 0.0 0.0 0.0 0.0 0.0 0.0 0.0 4.4711112422034835 0.05454677791495406 3.612727081648239 1.1092804352629301E-4 0.28411006019548557 3.8837664514155184 
0.0 0.0 0.0 0.0 0.0 0.0 3.1046785034070266 0.15511213824723083 0.0013099095712173338 0.31721966876442864 3.0213928576105257E-7 0.08033616869296382 0.036676665120491635 3.234782149403286 0.029043055662376985 
0.0 0.0 0.0 0.0 0.0 0.0 0.0 0.0 0.0 0.0 0.0 23.95750060933831 0.0 4.3885716343561235E-5 -1.9787258748121892E-15 
0.0 0.0 0.0 0.0 0.0 2.73934931718854 0.0012876608632965245 0.12460381500982455 0.08075132523740414 0.09968463889769547 0.20959500494124544 0.09478776068760858 0.25152454300321386 0.15282453665904355 4.502353540994219 
0.0 0.0 0.0 0.0 0.0 0.0 0.0 0.0 0.0 9.395144610207032 0.05148850807992911 0.406357045563884 7.5825317810038445E-6 0.7220206327830697 1.6342257496716128 
0.0 0.0 0.0 0.0 0.0 0.0 0.0 0.0 0.0 0.0 0.0 0.0 16.39442994490634 0.8937172529890036 2.2552408678734244 
0.0 0.0 0.0 0.0 0.0 0.0 3.736828646274428 0.030794217055016854 0.026250133894404712 0.3880053651171721 3.360881209981585E-7 0.12161828352038216 1.5500523881456575E-4 1.3302696110431749 4.057735658865998 
0.0 0.0 0.0 0.0 0.0 0.0 0.0 0.0 0.0 6.867199889915234 7.548173967169171E-6 1.8620857782331621E-6 0.035514312429646276 6.108261259734878 3.6587413570013123E-7 
0.0 0.0 0.0 0.0 0.0 0.0 0.0 0.0 0.0 0.0 0.0 0.0 18.967483190260612 0.573361158111716 0.5204087123850056 
0.1801251537791297 0.07257527604102497 0.08360057511925716 0.09679445355507073 0.07266410582270628 0.13758515529152388 0.11936258268815592 0.11119311846243982 0.07457544877230676 0.07397571499616282 0.08772227507257162 4.220361499032988 0.09882396886245841 0.11477960394032924 2.8655760696294195 
0.0 0.0 0.0 0.0 0.0 0.0 4.52451316684335 0.00407251624048007 2.219694739412923 0.008178904590951108 0.010322744693191938 8.665261889906786E-4 0.08592949077875532 8.606500689387603E-6 1.4975362128769336 
0.0 0.0 0.0 0.0 0.0 0.0 0.0 0.0 0.0 0.0 0.0 0.0 16.313877778954136 1.8138681838486728 0.014628642608941408 
0.0 0.0 0.0 0.0 0.0 0.0 0.0 0.0 0.0 0.0 0.0 0.0 0.0 16.693361040444216 7.0829664290822105 
0.0 0.0 0.0 1.7014851921632943 0.23870833281580664 7.896654338543167E-4 0.03207845361146987 8.132447117409856E-6 0.06126411202424559 0.005949214058572973 9.972323237241175E-7 5.003476850810382E-4 0.009358471440491033 0.10548699936346709 9.040543313389104 
0.0 0.0 0.0 0.0 2.1021781855076984 2.7887461140790626E-4 0.0051894538706777635 5.196165336827219E-4 0.0416859908535629 1.0318641971052232E-5 0.004520604347258117 2.9422116972783273E-6 0.012990435911467738 6.162723606585849 1.8837588644014822 
0.0 0.0 0.0 0.0 0.0 0.0 0.0 0.0 0.0 11.230162636345966 0.8565897836529479 1.8937115481268863E-6 0.1801637998624017 0.08297301427501604 3.4851191877880144E-8 
0.0 0.0 0.0 0.0 0.0 0.0 0.0 0.0 0.0 0.0 0.0 0.0 0.0 23.335024108244752 3.3923149823882124 
0.0 0.0 0.0 0.0 0.0 0.0 0.0 0.0 0.0 13.48435086084998 0.2692555711054774 1.0153014593964093E-5 1.312821012556049E-4 4.9610645961576724E-5 3.8837664514155184 
0.0 0.0 0.0 0.0 0.0 0.0 0.0 0.0 0.0 0.0 0.0 0.0 24.90500054685115 1.6630646996109816E-4 0.07186837531643349 
0.34303910747972866 6.200580425501332E-5 0.007507884224028327 0.0010072100648608738 5.27656716522105E-4 0.0027478019426314462 0.04853039133805969 4.317497648044187 0.006693230807035892 1.1443625912903555E-5 4.434047001213569E-5 9.529315605002079E-7 0.034639385835828186 0.0029791023558409443 1.4096816731501774E-10 
0.0 0.0 0.0 0.0 0.0 0.0 0.0 0.0 0.0 0.0 10.14127959383683 0.6278710084946006 0.1268453234180918 0.1503189860875531 3.889691072490927 
0.0 0.0 0.0 0.0 0.0 0.0 0.0 0.0 0.0 0.0 0.0 0.0 0.0 13.558749601551076 11.292477794380826 
0.0 0.0 0.0 0.0 0.0 0.0 0.0 0.0 0.0 0.0 0.0 0.0 0.0 0.0 30.0 
0.0 0.0 0.0 0.0 0.0 0.0 0.0 6.962592077972918 0.1518237518743635 7.305370617953834E-4 0.9607528127873434 0.01472427511801797 0.05051894473193195 0.12300372047638497 0.012376946929765521 
0.0 0.0 0.0 7.563698589796302 3.332303736231534E-4 6.76039019594617E-4 2.22254726150931E-6 0.0036854856105056036 1.309397823779572E-4 8.994946530147696E-8 5.081095441977233E-4 2.3252912029135612E-9 1.1411603102331921E-4 4.3730735434454645E-7 1.2260728362591643E-7 
0.0 0.0 0.0 0.0 0.0 0.0 0.0 0.0 7.253602510887445 1.921033551575134E-5 0.006314119796996747 5.620371260109124E-4 0.008717097742827641 4.385167964767922 0.036155706731667674 
0.0 0.0 0.0 0.0 0.0 0.0 0.0 0.0 0.0 0.0 0.0 11.552833996075933 0.17641286350048183 1.4053437158880404 2.44054700454414 
0.0 0.0 0.0 0.0 0.0 0.0 0.0 0.0 9.23547251333692 0.0037668689180311967 0.5148250232465905 0.2872324916108122 0.16864133171168286 5.792205350888059E-9 0.07186837531643349 
0.0 0.0 0.0 0.0 0.0 0.0 0.0 7.889142113225012 0.014943069360691445 2.342358472706475E-6 0.08118015289752452 0.06385646413954053 0.12635036027037944 0.24071965201083748 2.6661800364477424 
0.0 0.0 0.0 0.0 0.0 0.0 0.0 0.0 0.0 5.1765452382823725 0.0112581037366843 2.130186341871365 1.2192211122394163 0.24705523229211054 4.2752857951609564E-7 
0.0 0.0 0.0 0.0 0.0 0.0 0.0 0.0 13.121613120119884 0.14673570473912517 0.2670748269408372 5.455469443025515E-6 3.4133813528113635E-5 5.731137911922886E-5 1.346567867519877E-6 
0.2214853976335765 0.0038690466733737852 0.003325923577398227 0.008811428596056717 4.0128171905046255E-5 0.0948006569055198 1.2164873671228274E-7 0.026606133852270966 0.016159064109222805 0.12278007716875351 0.017661310696720514 4.8246560743766445E-6 0.016317750617165724 6.108261259734878 3.6587413570013123E-7 
0.0 0.0 0.0 0.0 0.0 0.0 0.0 0.0 0.0 0.0 8.50869016533459 0.2303323632623425 0.018178457327052335 0.4949936568412541 6.039552559503197 
0.09589721127036906 0.09589721127036906 0.09589721127036906 0.09589721127036906 0.09589721127036906 0.09589721127036906 0.09589721127036906 0.09589721127036906 0.09589721127036906 0.09589721127036906 13.351599968730053 0.36623054968796037 0.15241212457408998 0.16698302320808084 2.6694778339980534 
0.0 0.0 0.0 0.0 0.0 0.0 0.0 0.0 0.0 0.0 0.0 21.39135714377606 0.09033009071982313 1.4327745628114822E-5 0.020903327526938364 
0.19995324425381827 0.07595592308834957 0.07693190325893529 0.09134936852931667 0.07688887761858693 0.08125649938432655 0.08247472861818424 2.405283886818479 0.08880263500824848 0.18162687150118198 0.16626142510887126 0.14642025209801138 0.2179957821469003 0.07636233195696177 2.768786119733388 
0.0 0.0 0.0 0.0 0.0 0.0 0.0 13.93577264671479 3.283101833959075E-6 1.0950708922226252E-6 1.2243054263210416E-6 5.100934383763111E-6 0.0027914239350703956 0.1798650447394163 2.636155551336873E-8 
0.0 0.0 4.648618117435443 0.008251738797427842 0.002252457026708178 0.0026108084402466283 1.3366415933628687E-5 1.6575471335684867E-5 2.7553639360998313E-6 0.03278025239294476 1.7588950662225195E-7 6.59308012446543E-5 0.04146756903469623 3.4344618592980017E-5 0.028251417699420994 
0.0 0.0 0.0 0.0 0.0 7.716460610953705 0.01939186061704049 8.310117313098977E-7 3.871776236799361E-7 0.10758850354361481 0.06010592060016545 1.2614431895120833E-6 0.038559281416292716 0.14451198358185283 2.673489695007329E-8 
0.0 0.0 0.0 0.0 0.0 0.0 0.0 0.0 0.0 0.0 0.0 0.0 7.363960638235884 8.10312935543018 0.014338631262957834 
0.0 0.0 0.0 0.0 0.0 0.0 0.0 0.0 0.0 0.0 0.0 0.0 13.135409101888968 3.2577903402127966 0.055902092875098584 
0.21059113490507092 0.06905251890779232 0.09873527517496852 0.06900304187203507 0.07700169160343137 0.0949669272858202 0.07264016852024525 0.070904364126717 0.09575889863739626 0.07609034318185447 0.07186145402609335 0.170559292005674 0.07997327265839031 0.06903465968190378 16.71969516842075 
0.0 0.0 0.0 0.0 0.0 0.0 0.0 10.077863996715367 3.920711631455643E-6 0.010939299359176355 0.04032147107201275 3.4535492876509984E-6 0.03169055962988619 0.013894710329485752 5.176219112916756 
0.0 0.0 0.0 0.0 0.0 0.0 5.80044766059012 0.039898528728655944 0.22298102968492117 0.21752191052890738 0.009139203233239229 5.254121249612912E-4 8.369542991507306E-4 0.7644508607833836 0.0309871896592687 
0.0 0.0 0.0 0.0 0.0 0.0 2.467173128744244 0.0661427604007775 0.05099388784291873 0.1405849720421815 3.765361848570173 6.915102039996908E-4 0.01621613285732589 0.15383771437811294 0.03187554145315567 
0.0 0.0 0.0 0.0 0.0 0.0 0.0 0.0 0.0 0.0 8.307242764655143 0.007648126407832173 0.03085969237529804 0.12305079258400717 11.115470291007833 
0.1820757661356269 0.012236857403754525 0.019754425379565083 0.003635276232646849 0.005818270293928782 7.922331583516747E-6 0.07026564672917518 0.07944264603869258 0.08468451663126221 0.02274544415480364 0.010388602666857111 0.007486308569046683 0.04396204001478051 0.15278247685322846 10.638273232534411 
0.30788124917986154 0.013687313188685572 7.793092397419627E-4 6.184519357352306E-4 0.007168029828851927 0.0010398655457863257 0.01271551866116502 0.007937161241874031 2.269510112259113E-5 3.642159288706654 0.08332527035287969 0.07180355145026554 1.6802132720619924E-5 1.1881206037037383E-4 0.6873575370783618 
0.18641884434484926 3.239468539436675E-5 0.016103896541567582 0.033381515064506144 0.009610287247645916 0.06419352210303862 0.11031071813937948 0.025633197179034214 0.02024602535423475 0.005479772644056378 0.002548656276469533 0.10182018135190196 4.2882038118100345 4.0701555876793145E-5 0.01407577454323225 
0.0 0.0 0.0 0.0 0.0 0.0 0.0 0.0 17.51573736850236 4.242022986440511E-7 6.439341817299461E-11 2.1069227966301262E-9 0.0 1.077272167966951E-8 0.023787282052695653 
0.0 0.0 0.0 0.0 0.0 0.0 0.0 0.0 0.0 0.0 0.0 0.0 0.0 27.999998201638547 -3.886833421671705E-15 
0.0 0.0 0.0 0.0 3.7009400384151987 0.0012056672878599506 0.13867444310025814 0.01735295980930775 0.06510170716659021 0.11299815032683781 0.25126512803073914 0.11116685604087 0.12309763597144717 3.760694560301726E-6 0.009996127416622841 
0.0 0.0 0.0 0.0 0.0 0.0 0.0 0.0 0.0 13.007975321622014 0.03458206752453766 0.19898469047052597 0.1802118272838294 0.07654039432661848 5.830451223952588E-12 
0.0 0.0 0.0 0.0 5.8264435436040385 0.14073191503539012 1.073505673645787E-6 0.005446295103788471 8.669060396902018E-6 4.1361131814815023E-5 0.0853411123323647 2.3099951293849467E-6 0.1687060876400849 0.07651859807234436 3.4851191877880144E-8 
0.0 0.0 0.0 0.0 0.0 0.0 0.0 0.0 0.0 7.967722270171845 0.009853287552083275 0.0073112454214006575 5.424753363596675E-5 0.1370950668757829 10.638273232534411 
0.0 0.0 0.0 0.0 0.0 0.0 8.515622579903958 0.05857492938952286 0.16147448061761385 0.05896880491608557 0.01108214243273069 5.288818324133621E-4 0.0011563214512822515 0.044377955215917836 0.0324702208109174 
0.0 0.0 0.0 0.0 0.0 0.0 0.0 0.0 0.0 3.470676124745722 2.836109295804859 0.6868515351479917 0.21897443209588377 0.28219520125579434 0.028114921122889512 
0.0 0.0 0.0 0.0 0.0 0.0 0.0 0.0 0.0 16.226553889165 0.05653616022403375 9.690150987364076E-7 0.1912726433676525 9.730666360993202E-10 8.691207978322622E-9 
0.0 0.0 0.0 0.0 9.059632613537062 6.495625840039727E-6 0.042586511306845376 2.4544442779945075E-5 7.879632951182802E-4 1.3777912224839351E-5 8.029006011274354E-6 2.333892847115461E-6 4.4298355626549376E-5 0.0 4.879469812739661E-8 
0.0 0.0 0.0 0.0 0.0 0.0 0.0 0.0 0.0 0.0 0.0 7.1202451534801 0.06784770031558139 6.608346113219105 0.020958798346414724 
0.0 0.0 0.0 0.8997455177313668 0.03468589491452298 0.013181546465367644 0.009566772155003993 0.08148359701640488 0.10888786783038884 0.12000218820365173 0.0314456289946175 0.10219809794304971 0.08635676668610248 3.463765574024585 0.01664753899899358 
1.409721801985334 0.00757864530778799 0.009412282156750804 0.07069821163053824 2.3738199995684546E-4 0.004218380619197396 6.868604404286317E-4 3.0272557823352222E-9 2.436073287451803E-5 3.072310048364357E-5 1.6317237877739353E-5 0.0019129885467799807 5.174654995870726E-6 2.556444141170759E-5 1.355084282241752E-6 
0.0 0.0 2.48117892363897 0.04359495233076595 2.3127349320095042E-4 0.03689280412608402 0.2837373334596021 0.03127662126949019 0.03733501621069141 0.03846891666849481 0.007568373589618032 2.999993049886009E-6 0.008951240648379913 0.04712180815282234 1.7344744937021223E-7 
0.42260599629405105 0.013755320780920434 0.001308213311950311 1.304122673167358 2.108815118040382E-4 0.0022667726703670074 0.017636473054467958 0.03262199145253912 9.835312411631092E-7 4.101410936016651E-6 0.20573176099753684 3.249289577025342E-5 2.493480882692331E-7 4.979719293079853E-7 0.006023412649082179 
0.3488209208851722 0.006527319224654468 0.0010426710539433832 0.05004862845781834 0.014425792378619849 0.029535786482306817 0.07955182840585925 2.7913796402615024E-4 3.065977060073896E-6 0.0376846032678535 0.4894931445566171 0.2096029707618307 0.36021318664803653 0.17749796119018746 9.531429758405548E-4 
0.0 0.24241818892357567 0.04580765768912786 0.08855283482840844 0.07167937556519256 0.03557719672095949 0.11971935346402592 0.2025417283960729 0.17764869515451331 0.12739129534604465 0.12050880844563619 0.07377906609970077 0.21958306990834875 0.1513150705852353 5.334232128565135E-7 
0.2531848133554448 1.4306890236497207E-5 0.04060727970622691 0.026987754060803417 0.14846235658067244 0.046265924687339484 0.0805416642533843 0.044669215354597176 0.04128363087251519 0.08103415376129088 0.2413730438992507 0.08818157701015403 0.037096161788872026 0.19266543803341535 0.0364273433625701 
0.16492467079432815 0.06781505841258892 1.6769872682880157E-6 0.0694331070140174 0.004847424095538891 0.07400967594079991 0.2862998856504494 0.15514166146138345 0.1380526831637985 0.26262399241129974 0.05545414956549355 4.4981197697430277E-7 0.010621291041455082 0.251651513506189 0.02264686024734241 
0.21219685922381243 0.2362260196773536 0.01569708237043751 7.076694248894425E-7 0.11706567755770803 0.036338091852696486 0.17031219772851608 0.16720170321044484 1.2589775437051155E-5 6.293281720793894E-6 0.13268012980404215 0.00737992214013457 0.21480277685019772 0.004979425916746537 0.01586865254361098 
0.1910434952537923 0.15892405322536712 0.012178879808943886 0.13774542393336264 9.110179636562167E-6 0.05098095946621953 0.1016763768809251 0.053050948723646775 0.08856520266220846 0.07788615527229317 0.11448712781033524 0.001986157210908925 0.09694281700115472 0.04967317399322803 0.021341697833231858 
0.1445451418163998 0.10184074933240646 0.05896908810094124 0.08857174585298994 0.040968426040123455 5.1219516464298146E-6 0.1654776797513612 0.01901730159612174 0.06751255405655535 0.1000752569565037 0.18052159124234615 9.508605559146563E-4 0.14682754415579372 0.17135600373808849 0.034692355117728405 
0.1786420477376014 0.13139965925791144 0.10714294051494262 0.07897195631211425 0.15293263493896422 0.09075572006618464 1.726159866712553E-5 0.12601106107084056 0.014904821950535944 0.02849788629087523 0.06130113967800903 0.05507915659083424 1.877290754735835E-6 0.03362463904996257 0.00832812942630887 
0.17433184111639746 0.1922421562198748 0.17739670646995787 0.07617857880884785 0.14970561583828132 0.0026738332722957892 0.13847335684654016 3.201189111944752E-6 0.02420170427294204 2.505161004313134E-5 0.05261145188836228 0.048148719636587727 1.9717435738008583E-7 0.05555481819344253 0.03548825266660515 
0.16663856006298639 0.16029899490025953 0.14543960914585596 5.366353194572963E-4 0.1266563634213691 0.0011848908106312063 0.2312259769765249 0.0582988113131174 9.965759557462821E-6 0.061547505986606806 0.056508870228206894 0.044841308994428244 0.04271343599109271 0.07229545353097155 0.03336888807025526 
0.14711242614802422 0.14142376368492512 0.09557442634835922 0.12874999935818507 0.03398860409014587 0.07683817380466755 0.031829587422158925 0.12858931371792304 0.08994799243795022 4.017383998318945E-6 0.05958385247090874 0.04640742981291908 0.003430441748453668 0.07000918256753215 0.031023789929219003 
0.1333685587377295 0.16205275365846722 0.13183620501594542 0.041896350161258325 0.03155641338561246 0.0371270730851465 0.16798297093946785 0.22320232949322624 0.009990849370522699 0.07496777282304386 2.402196164798939E-6 0.04905116857640076 1.7941953382317398E-5 0.05336493888528459 0.24699297467135084 
0.12205558858210791 0.13611185288044647 0.10649318092662867 0.11882818927697208 0.09856436382171822 0.027387524199206734 0.10701236640230176 0.043545339303792154 0.03848861502756562 0.06527110420462673 0.06035460522438125 4.252832190464757E-6 0.04194830547684619 0.14550108228696199 3.1731420158857913E-6 
0.11752271947286244 0.10515226546495358 0.07196735756001349 0.06383390378031865 0.051934560286011025 0.16915055693009337 0.04048072841910165 0.16122698657830556 0.0565171815579509 0.08818198643727866 0.0574302793792577 0.06189729327175173 7.58942103511438E-6 0.08562926044088061 0.03843771478883373 
0.05631409627324452 0.10787271658411314 0.021147176080921495 0.03418593194404979 0.08023538410054198 0.09053727153427892 0.13438082808352933 0.13308296781595857 0.06936922683937996 0.2156623524828722 0.20294330023228235 0.20454896076833187 0.13842922515472972 1.1377373086078991E-7 0.022676308724458617 
