0.034330819686008866 0.06535969366975829 0.11573459358947388 0.17186804316231183 0.15429054474714843 0.19848966580220462 0.2656836001628902 0.3607801186628079 0.37553896384861224 0.7558197896186196 
0.06485501033944686 0.11970467943172655 0.3121868316431382 0.1454637832301667 0.32495922413308465 0.4238804254007192 0.2783113764864659 0.2978883789092725 0.5232058256127785 0.3846419774963287 
0.18853141164323875 0.08275566435466765 0.08880205942236598 0.11400826524248567 0.203198252439138 0.29367742888207954 0.34147853950547347 0.5636332821668384 0.439872691576438 0.43038915863959 
0.13585770730322178 0.24112431551841598 0.11715344594763347 0.12723696941424473 0.30875804117301975 0.19247335469004112 0.4149569078801064 0.26456645289894914 0.6261905718002378 0.3882635439666018 
0.0818345731372438 0.0774210756013791 0.23968336869836745 0.11213559128895563 0.2631790847985228 0.38702955947252915 0.47651440537908507 0.3990505210961872 0.34551351841906836 0.4505809900286188 
0.051731474173448797 0.12339221676236681 0.2844987021777854 0.15751617880593705 0.14850195996166404 0.4349605238557086 0.2460026559777848 0.27625062111152837 0.6205629615243787 0.40574443275446515 
0.14894781742643773 0.17561954662596718 0.1042863573171278 0.12157117064408456 0.12147260549996623 0.29687258544835304 0.5497225467935019 0.28856747894423096 0.5344152335173673 0.3889824146859192 
0.14932758277333344 0.1012783827623713 0.2558285295253475 0.19845982887823266 0.14980468184763482 0.49901587270846504 0.25022111387788004 0.5620598099186269 0.34833462741470395 0.414377603331299 
0.026908714530060874 0.05432917474258146 0.13049466035129942 0.32685010300828377 0.3767659638506649 0.2209509626821277 0.23570090774800784 0.5891894180772665 0.3650098977861116 0.38988916079595715 
0.12729493140329856 0.1640158006118119 0.22651565859346348 0.1279556964399655 0.2534446001338818 0.17081398074218251 0.2280830176206272 0.4230752588346782 0.5117815337290038 0.5785207616599071 
0.2695513995964676 0.12787540127885072 0.1261158681831173 0.1384499786850699 0.36471478384076494 0.4295352991518467 0.3052375853425707 0.3009720371161109 0.43157435496561125 0.4481938810030978 
0.05047482979141479 0.0887365574908074 0.24519514786404192 0.2515815084415741 0.3831948416891098 0.23789882307330973 0.3091618013316592 0.2717917284611189 0.5337515025436249 0.474896971501178 
0.10073846474144038 0.2502820930350774 0.10964272773991553 0.1168153846535601 0.13945063900451005 0.3681427874511305 0.21258512060647586 0.5248827288291487 0.31312844765045356 0.582975216984066 
0.04361425057607593 0.08934405457238179 0.08113560457380081 0.30172296357826905 0.14243845912898886 0.40510287404713363 0.4189843866312036 0.4948884990422547 0.3489134737058216 0.41785002435758095 
0.14864377441062313 0.06255914974119654 0.07984742247717308 0.36755895478806755 0.3819037451278342 0.23536385459019768 0.40616580075957087 0.4397896058535721 0.3554591210496283 0.4153024740950525 
0.03130719623084185 0.07516845360968774 0.1863331032454484 0.09932598908536729 0.46945379271508064 0.3819377171151543 0.26955562252658183 0.2948293187201319 0.5369049034794837 0.3904077511286895 
0.11765043155867942 0.25104071151310525 0.12780292965910744 0.28258235741648363 0.1997087837562193 0.29359619627723893 0.46226109348618466 0.4687336300352569 0.35494272925960674 0.38551954589108506 
0.030801877462586304 0.07269348012477522 0.037895826543854004 0.16068864129784236 0.40965085187290234 0.427629433699201 0.26908866514313773 0.34302843455534104 0.49712385701063233 0.43814698500795596 
0.2959835686027644 0.1427210229961484 0.14214705425991817 0.15630895090459546 0.18147081953508734 0.17945035696161776 0.3631733357269023 0.33312363957306035 0.4140657338377355 0.6095014854765731 
0.13130661073780106 0.32764939782975777 0.1482235022853659 0.15242551815356176 0.3229544822534562 0.21497901690256582 0.2345446467137045 0.6007428122589883 0.3585549787848733 0.3906281032572671 
0.1042048571263526 0.24160318571842374 0.11574502345766659 0.12992304385335537 0.24059188972621445 0.16792379115712788 0.18575299803036502 0.20964196762592066 0.4652531124902772 0.725157204677428 
0.2931928813887056 0.1275828968244193 0.1359329933813846 0.27216928386224243 0.2199037743334981 0.3931882052278804 0.26182633794211374 0.49936336636908907 0.3532787030284268 0.41796310233759776 
0.032618235914474415 0.07597839261354639 0.1631289255578966 0.07781192877142469 0.08557409650384598 0.4282068248120525 0.3944476969311347 0.2684890933022663 0.28056964478275637 0.6858814033887423 
0.0966686943423179 0.06221923129367799 0.23239695485746611 0.1241163444969202 0.32228670268071025 0.19738364372243122 0.1977158553356361 0.41859874965071153 0.29118795634425115 0.7189775475611021 
0.29067055143307274 0.1459866429139525 0.14269374026150275 0.18537338865015338 0.21653849910071807 0.18952292265017034 0.21225281333744433 0.4028518573396445 0.6344905654446099 0.3937447867751258 
0.1265740074847671 0.05250666010448434 0.06207060572520579 0.3308097872447817 0.15204592077775975 0.22479804162341838 0.23943132098296965 0.6761436478881172 0.3579125466768294 0.39539910560187086 
0.047614044990854094 0.10705304777055286 0.27996231050027376 0.26594469813365257 0.17556361981196536 0.1792250382165211 0.30594886713398944 0.37801305829982634 0.6119630155635873 0.4349329147403051 
0.31464406123909033 0.14882131884169328 0.14485183918751268 0.1612754207760365 0.1817998162371197 0.18483366145001584 0.4174591782023078 0.26429978704219326 0.625797136555135 0.3868797450327464 
0.18440890396534018 0.07788431791760657 0.3576588418854803 0.37738712675608327 0.2646793972392072 0.25055823952453543 0.27341971720430885 0.4652595414686009 0.3596156309813367 0.3966598642343316 
0.0250347812861832 0.06216298844805482 0.04639203795691656 0.19340377170582093 0.14084258225991575 0.4961221945681137 0.22567956631144753 0.4694181707797527 0.5339068173741194 0.39356357532591674 
0.07357826985206017 0.07259140188800832 0.17265231033097744 0.09090349324012872 0.18671060276696416 0.2419682720395324 0.1648338217844382 0.39646533871349626 0.49573087410669947 0.6699069351252013 
0.0874890882712808 0.05093251201130938 0.11011116211020179 0.3127374214888513 0.31433567401956763 0.19519991945318912 0.3589493524246457 0.4513746356414278 0.32969471024221714 0.5982155467215231 
0.05946422626707204 0.02952926916076195 0.09858941664690525 0.21699531257350324 0.10023697521603071 0.24543689587049652 0.19954919038497065 0.22959935856194297 0.32892868857594165 0.8208977995823592 
0.07637596451618628 0.09684673088721259 0.12065480780358186 0.2025402062587014 0.11902106536329547 0.3301267592781427 0.23282063353984617 0.6062500444223214 0.5266393521772665 0.4178069308288208 
0.030806957858276817 0.01995438427099341 0.06249015502230264 0.16684677404501427 0.08438548439187858 0.28022125249331825 0.40702644502449215 0.3072359260512278 0.363492704532275 0.7237834273153029 
0.11140740045169895 0.27969470415800074 0.12182703809099255 0.3116804762174701 0.19221432847221767 0.354038417925797 0.24603068563245495 0.3942360947912398 0.31310350909690576 0.6121251812028382 
0.023871542118983926 0.055561632732237035 0.1426087529444821 0.23959437437247447 0.11467933063603646 0.12398456230143447 0.3407188136946124 0.4013966847062817 0.563177353429698 0.5735771779663362 
0.05037566800062822 0.05737273088092954 0.03307796935506339 0.19641615165994486 0.17858420155529436 0.11730715823462382 0.32481300843651834 0.5252484071201633 0.2863906280968275 0.6738441555109818 
0.10291060099018413 0.09323481765857657 0.12298071584991242 0.10362511712627342 0.10582857824549388 0.2090055242565082 0.2636080986033012 0.4217670768249265 0.25462959202574875 0.8036052352179481 
0.06893162027889194 0.02904653181583168 0.1781159807288471 0.13063936999102754 0.4598288631124229 0.24910361149321497 0.28048138597545924 0.4375669188226207 0.5102221413677176 0.385562357925808 
0.0954941938173746 0.09483348107671959 0.295583199878454 0.25083822842605824 0.1758151158569757 0.38555498072440464 0.26032579422386704 0.3544523270286676 0.5090939396646987 0.45369554979519505 
0.026332888630210417 0.012031164231438796 0.06864324934813822 0.031614585274632484 0.03558190082790173 0.20380773758005674 0.5276158579834906 0.4975447208625802 0.5011310056489152 0.42002605861417547 
0.11109953622784909 0.0632777881518442 0.056788822588787806 0.293064985240919 0.2787910504167988 0.208588724999332 0.335491064510001 0.43672248407481695 0.5002546432301969 0.49720240987000547 
0.039229803763785334 0.03729662997264607 0.08442840417854224 0.2372159590430048 0.18028183771847744 0.13105147896967476 0.14018571917848213 0.3154671213481658 0.45998144393848134 0.7558574364798322 
0.2646893011060756 0.11053268815082327 0.23708586084447764 0.15539934594930974 0.1736107564691996 0.196022261061038 0.24824713335299642 0.5242069574367098 0.49608151327898253 0.44139091444377 
0.013419393019820262 0.02980000625362505 0.07316150917005694 0.0767280850453185 0.24994403985577074 0.3533423866085018 0.41742181612751655 0.33965183164991686 0.5918492214957298 0.4066000631304103 
0.15362312628943872 0.1578441622708563 0.1745232191010925 0.11846478056987382 0.2893411965882669 0.3009245408903107 0.2779424695277441 0.3726738619053657 0.37320397934213545 0.6213896144372295 
0.0653902769126541 0.06194382885607348 0.2115328512610985 0.10431740153030604 0.23081474820936126 0.35784830869593826 0.4419156483714561 0.3093570930890118 0.30680211100052135 0.611114586475223 
0.04252459511762326 0.09355960561527632 0.0600348656552588 0.2774657577738376 0.14902669865412754 0.3781551174191064 0.2316368186301503 0.23108187333881153 0.420897039859034 0.6841718440467076 
0.12745077587549702 0.24257656013236875 0.14883911250727583 0.13344547658420783 0.3125675393086379 0.44823587672277176 0.275293022252299 0.2888059208881742 0.5362599001940299 0.38463018813612926 
0.023182816474369594 0.05298350774819913 0.030050303455325767 0.14031442801971133 0.3466083921727348 0.2827770547050849 0.5493293474269284 0.30088259577746107 0.48764037818390704 0.39610982533745687 
0.19930817837615844 0.21844129959109396 0.14153948673163416 0.13707170972633279 0.16308444238135775 0.4339619811292455 0.41076781081377156 0.2973066705880406 0.3282479297456164 0.5562607470242448 
0.0713169006394949 0.1316315683928367 0.06640136874549134 0.07020971240487368 0.3633444690007051 0.35236479308661384 0.32420452510060344 0.470135902965028 0.49758547993321217 0.38463018813612926 
0.24156415123897623 0.10910871048518556 0.11779539294613803 0.15378619540250232 0.16327633201428024 0.37790328417864316 0.4592282336478929 0.4652995024547557 0.3549009111221212 0.41781443331434476 
0.07443415436899249 0.1696972149645342 0.3809763819486951 0.22335943282454346 0.21409504770003687 0.211223681586151 0.23032342613689405 0.47908227367091516 0.5221796471888395 0.384307998504017 
0.05291102971868338 0.11533528849133096 0.2398072398572737 0.11575478307124545 0.11958782772001347 0.312740727554903 0.3581469895609212 0.5688766821648991 0.45541322793549716 0.3875702410093209 
0.24876970977107785 0.10795436122862766 0.11095165125871993 0.12588337183527168 0.32672527027941173 0.18421806462478654 0.27995305808379983 0.4614543502411734 0.3021316482966816 0.6249625574088186 
0.03845266915737404 0.08838017071306119 0.21697970037672162 0.24727780721659462 0.13890659636187488 0.15612719672277897 0.16129778030233913 0.372071335154102 0.5570567017233728 0.615787631643126 
0.044757547340913556 0.08243640133219074 0.040655589033978354 0.2307210389065338 0.10426107615157741 0.5163197054739863 0.2486449445011337 0.5149006973341975 0.3384998588793894 0.46955164889570883 
0.15409377953577924 0.1743208926610471 0.21032819517626464 0.13077664716274928 0.14033917167175783 0.3646426010016745 0.2186483511597948 0.24720268667884432 0.556087457720991 0.5666705462984983 
0.05328122253065227 0.05936991429564802 0.03316009706178405 0.2074741254754892 0.09108802559658136 0.3113067146532364 0.17049433677156178 0.5166819674603591 0.2845347722450512 0.6898172438710067 
0.10826219239903341 0.045502908045153764 0.21688126705119298 0.097587757631153 0.10989691186709387 0.12407192008850686 0.3537993584131232 0.5731395680803751 0.31009322236848197 0.6019071437675576 
0.06322448600466408 0.07181491891583766 0.1767497317275512 0.08871952890414378 0.09820062238215439 0.353031545275363 0.34088221192205215 0.23553440052092114 0.43458391720301637 0.6839717294287289 
0.2292395631844606 0.12433669457486039 0.10503158121251782 0.12014393649658447 0.13167787260543667 0.13690391307972255 0.1478568066688789 0.4429683565418008 0.24273896759598174 0.7758111965049573 
0.1540288684497557 0.09315434146874364 0.07894165871566959 0.08889518101741128 0.0896702741503972 0.4477482216542686 0.23328506606517382 0.6321541581079874 0.3527003233767051 0.4292600382024132 
0.13099564180599682 0.166478106677494 0.08988768246536587 0.18990007106793613 0.4214156642364123 0.21672308188979833 0.48755046351645975 0.3090787363358641 0.33108627175803446 0.5129531129592172 
0.04533134011627126 0.045680905154318587 0.15138332479634184 0.18190332402848922 0.2509488705910696 0.3079211760656603 0.19820881852549235 0.6024452752431609 0.3255220432266602 0.5308035280574668 
0.16342681008842475 0.06979605121076517 0.15259722254596542 0.0978956665963218 0.1871748416042046 0.2661160465582848 0.17387978072132512 0.1839347373695921 0.6346617059957481 0.6084184023871272 
0.06978192291440616 0.08726835559873285 0.10513428866603489 0.25469273851294455 0.12939638374867782 0.13472676859808122 0.14476883721708417 0.43572096520635384 0.255088223055156 0.7786975049869637 
0.03800305802242434 0.025755906756598206 0.06495893112837532 0.05036915805351543 0.21481895359006964 0.5487952544750249 0.26016507491051694 0.5346875847097139 0.34833154692073276 0.4172213748525727 
0.10075290041815031 0.2381318287155454 0.10472421706246716 0.11376580836028259 0.3309490017246671 0.19745843876043445 0.20859314961205538 0.5434130384529816 0.31402250483232796 0.5768534975160162 
0.025826606413720497 0.05891899699423688 0.030644754825311853 0.05912924288007675 0.04024832727268672 0.23643762377950892 0.6100841765582853 0.5374670708218272 0.3564668282402727 0.38538442447300486 
0.05291816164700033 0.07864584748289685 0.09895539452240448 0.08907507112656025 0.3216201713581414 0.15150869117590793 0.16112158765501827 0.3401410255563827 0.6816744062652969 0.49427785078429626 
0.18266516382481868 0.07814876060724137 0.08341631907569247 0.09357956143820022 0.10118639253735887 0.14889750429218584 0.4172037763945416 0.51565116905102 0.37646578659593916 0.5809907820584316 
0.124444253261865 0.26391747462254667 0.1193088131046133 0.2607944534172754 0.16766335846580296 0.18349439929852485 0.21220357329977044 0.21556440467280116 0.6134399198242245 0.5601567392985775 
0.07204549590814074 0.1696691441593542 0.11901283186591205 0.09356401035824363 0.31389630423808806 0.16080904595884896 0.17752306222815756 0.18614621704648163 0.6416235672757336 0.5979807697562369 
0.21726958121959752 0.08782194722935363 0.16969131318218184 0.12435537260108698 0.34450319120788864 0.4587482251680388 0.26895396473632954 0.29545690083276493 0.3174143125698988 0.5654468994694561 
0.02711541542022319 0.017641503250875736 0.023795750985747932 0.036586133010628366 0.08118760541262149 0.2325951205715878 0.10759384529284863 0.11830344850956527 0.7171208594636592 0.6370094211308 
0.03550808530428058 0.043973934644316585 0.024793059735941248 0.1455325186647955 0.06557566989380269 0.3651675476863491 0.16535048193389085 0.49792636470341256 0.5896750592294366 0.4720464155310425 
0.023213374023137858 0.03053137548668705 0.03518882775431267 0.11920445378695047 0.32269104009391997 0.13794715137318725 0.15197926645025758 0.4543821076135785 0.24887630508327116 0.7621815023206784 
0.11403919117617328 0.054924788538548576 0.1307017606428821 0.41106459492208663 0.4222885811478331 0.2799997236414354 0.277029660873749 0.3093669284350517 0.3229980837880093 0.5385914000865107 
0.04991544881458825 0.07913249268619785 0.04911639510630041 0.07407771594710663 0.2766227381002721 0.1284480565595762 0.3681386173811007 0.1958679237883046 0.7059393438853605 0.4940229660368776 
0.09692124336384958 0.12298256759007929 0.15995298078005613 0.26388263139784823 0.1450659159152587 0.3547652460801637 0.2132549966954989 0.23039111311624597 0.6541204371029516 0.47005158733095775 
0.02484545422407153 0.034697554661125805 0.09197166865936336 0.042146295122747035 0.05221877342374041 0.28548111921176533 0.13247972358012544 0.3968901879321125 0.28679389572499786 0.8055616436327876 
0.08202401610545415 0.0865040183309314 0.05419417936780898 0.3004089119897207 0.1363048937253811 0.14451757773557145 0.5550615302460146 0.3323123138727576 0.3277722753215252 0.580600136953835 
0.10374870984575295 0.10916595749129296 0.06759882858320097 0.13367167420682935 0.30023715278876995 0.1557520173426896 0.5694634831985906 0.28597807152664495 0.3300112515615848 0.5801773193107407 
0.06077628545380055 0.10008037288011347 0.06867185651747389 0.05904292753308489 0.35985349302904934 0.24167508689716638 0.3969293655392599 0.6593761809360151 0.3582829036191471 0.38278127995438704 
0.10789442622781291 0.051250989165373094 0.26699193401108023 0.12195091838199913 0.28889152996531964 0.17652597704998058 0.34980924493985854 0.29212282964162134 0.629252342769855 0.4622395753005237 
0.07946886903685335 0.05472688093211425 0.03836703799916014 0.2463188212083066 0.15397243287180676 0.12563612212007255 0.13460561349427233 0.15343177843967107 0.6512357349867457 0.6701787009654909 
0.030133888525540106 0.06443424672580521 0.05031888585409437 0.09297179047440685 0.11947330556903835 0.1910373664640855 0.17394250765735697 0.37701419790102764 0.6595433621866418 0.6046368518920923 
0.04237102653004289 0.09656213103535935 0.043229248927910115 0.047048987078275456 0.30059045520743355 0.28996425527789826 0.32761198512852346 0.40583516177949064 0.5805721059092549 0.5192875147805568 
0.03688142490629447 0.02420997107996904 0.10456835360136847 0.14398843193418587 0.09983627308978843 0.521386343410725 0.223194292227615 0.4425767868007227 0.3959150180184158 0.5722934387649085 
0.027321718059792544 0.06669001932303406 0.029731361669135994 0.11450611356037645 0.27605270190606657 0.5518585173126037 0.4164746053357373 0.34345852666636684 0.33224400931204096 0.5313418015405649 
0.11880658990000827 0.05165820463920913 0.05258548735525423 0.3425444292317018 0.14542947269105427 0.5523934728798375 0.279518548063867 0.2990305522928986 0.32523757815139187 0.5351960841325403 
0.1078002959859245 0.052032392431571824 0.05203730157925838 0.3188172279709424 0.15060916739199465 0.15488010651485412 0.4467246483513672 0.24591704038992532 0.6415546296812283 0.4311480025031408 
0.11322584716699988 0.10769282183059657 0.3455399636044046 0.1546587069650424 0.3708139128258634 0.22631368679897895 0.4506191286828694 0.3769113815900699 0.35834617705390626 0.46233423269123675 
0.01629301304304863 0.028002123477434894 0.07801077328858161 0.03435322806472395 0.17272340260875643 0.47281660519903596 0.6074294605176888 0.33097724193478967 0.3616009550738772 0.3868022141362536 
0.1368446729966106 0.1358809269271145 0.09121977095593474 0.4817813079008204 0.2106478933965956 0.23118791223945925 0.24796256471331074 0.5210471758026973 0.3517157291217741 0.4486205085715702 
0.13755226270863521 0.2525804144030566 0.15664339648515574 0.1404426050760602 0.3136163058499148 0.40924682088702247 0.26870360173846003 0.512711670054003 0.36483383290169774 0.3846304347787524 
0.10266525423450551 0.2460777182376374 0.18124858466740804 0.14061105072838093 0.15050675653994217 0.15635580668162322 0.2226409071257901 0.5111307374476975 0.6246905061430936 0.3848969192670542 
0.27593477969740127 0.15449842967096955 0.13037058421690337 0.1455144172719426 0.15134504003415652 0.5218163085947389 0.2619301993817002 0.2830389127564392 0.3078703142951847 0.5987179253733232 
0.14226565029285398 0.1295345148141062 0.08160101365934745 0.0938199550843569 0.5307179581328554 0.251144225606714 0.3460705554396449 0.3136424598553257 0.3394739626969389 0.5749555230760628 
0.08865469059955351 0.03755837032924358 0.08578666284687668 0.2967514997785933 0.27966413178006405 0.22162804972745742 0.5345046670013 0.2970573063655014 0.4399869967029523 0.4834592770074605 
0.1650325933611996 0.07160833665561278 0.0803083158261162 0.09405785635240918 0.49025184466420024 0.22606999113907217 0.2421069234656533 0.28717395723707806 0.6058818252543476 0.39288803187834437 
0.2820355717595822 0.12099677070542177 0.1297198061140766 0.1540490602557411 0.3649730406039969 0.2144649999538436 0.23088983332502253 0.2916110041219505 0.4986135431921544 0.5581913504626017 
0.02586027760205004 0.02920575365329126 0.036090674838092016 0.13110553262274385 0.347211546459932 0.1580215763552194 0.1621563438585477 0.49020044181302325 0.6511671101554553 0.40280753112174283 
0.06647253308529252 0.1507899978900296 0.3096345122910652 0.15891051245877727 0.2909396321897658 0.48321617929277216 0.27500485660128043 0.3049185670218901 0.3186319810001829 0.5573019175002697 
0.02126911878661071 0.009167081201014667 0.04675112388991073 0.12385690007563643 0.056421049712604074 0.31576156852690695 0.5707840448897227 0.27670496183639093 0.3034444036009338 0.6326746421999825 
0.08617557682447884 0.08649802581922826 0.11527440959746107 0.07494318162074429 0.07773228104392046 0.08181935692205095 0.10336612348706713 0.09867539530034655 0.30341156881254483 0.9798524176943914 
0.23173191110080998 0.10184493246032035 0.10708080146741249 0.25036463722257474 0.15477087849490379 0.35772510759567133 0.4483402883948462 0.29682496992700985 0.4399862917823907 0.4836030186437483 
0.3003465005182098 0.1930520497546448 0.16172658313610833 0.18256326481652163 0.17233104203610536 0.19245315457244333 0.2082686777196418 0.4386766083492826 0.40812379435788587 0.600570481404478 
0.07265603279288121 0.03433977999399872 0.03676957531577982 0.0977415038565209 0.3084282055916575 0.15597441260269743 0.48928417569393323 0.4358834220054492 0.2962799581971376 0.6330456198305267 
0.09043141573480289 0.21016757395643387 0.2122917175458124 0.13442025917031952 0.31417301728010777 0.19935012735134477 0.2738092521232001 0.231164324936262 0.655509126213049 0.48074325229288584 
0.12551065674615383 0.0772936428361713 0.08985473622874006 0.38538096841632014 0.17289534928497632 0.18305215285602316 0.21476503839257627 0.21417640767005433 0.6165809057176052 0.5584984070464608 
0.2894464977994358 0.14247252739796643 0.14068866450739526 0.15833622470554543 0.15894145431143186 0.17412665794517848 0.20098240149782842 0.2044573356353725 0.6150828481725322 0.5982375075060111 
0.14664850974644408 0.1757815437489615 0.2167672927160054 0.1565826332724647 0.15217557441798232 0.23670780619875248 0.40286105803672856 0.6630301625680082 0.3582829036191471 0.38278380696155373 
0.18089694268589637 0.21682574729454832 0.13167816780810798 0.28857905201239176 0.17799346492233292 0.2193975812569949 0.4274719997867007 0.27328002369337073 0.29763168619463976 0.6391550225919349 
0.037477428300930066 0.031174380649948315 0.020988578792152046 0.12335980199495317 0.05634876270690309 0.37012335717131745 0.16686099301476467 0.18465540217031157 0.7623609618381273 0.4679949688784147 
0.12264503153245115 0.11799381397639638 0.07758275375122736 0.0822397557445795 0.47708580364090586 0.2184051184729514 0.23647128771196804 0.25251061597645774 0.2751298380113886 0.7003918132880306 
0.08421851855655907 0.18958671395382348 0.08718481689991645 0.094074609661169 0.11740031985728705 0.11525412267415819 0.12431069608398886 0.7163899378897122 0.33040005681296714 0.5308465322155107 
0.05961127262275127 0.040639789683978994 0.10230919303540136 0.07931489405763324 0.34741329436187085 0.3967556640728182 0.22521512239533725 0.4802701260369608 0.31303846566360727 0.5774124852840791 
0.03950088763470511 0.048540990998777026 0.1510644808351724 0.07228312367336746 0.2656288940675834 0.2817144973050666 0.352999906707489 0.22810733188597043 0.3641614787768125 0.7212386955793965 
0.06783790143427819 0.16256111410111293 0.17269434249476523 0.5094250101305485 0.2423104138652854 0.2541147405237483 0.27549546026197247 0.30704046233293725 0.3400425934553102 0.5749994831287953 
0.28126625222054524 0.11585780144832572 0.14979229907220953 0.14419417511480417 0.1577891790472978 0.21985714777631749 0.6654025193568824 0.32205713799971775 0.34711047151454016 0.4487396767171436 
0.058737245308978434 0.12056738087736167 0.1105038134555733 0.18560057485010698 0.1051416353420273 0.11387950370552526 0.7357678721630739 0.3442910181904171 0.346153950161227 0.4465455465951551 
0.11719511050995499 0.22881304133546032 0.2543844737612313 0.17500835542320262 0.35157210033899816 0.47379082241324033 0.33737471319913853 0.3280706881590694 0.36483383290169774 0.3846304347787524 
0.16944433372491532 0.36484803117969816 0.16634783667890715 0.17716045390079538 0.1921973183185542 0.24214649001641844 0.3827574694522914 0.5054325106505886 0.3530559068110409 0.42405362508732425 
0.24574771359778766 0.24954359878455568 0.15664801296761052 0.17862740647275452 0.1731878697873815 0.19077946580149546 0.31844023921128234 0.4538257287729775 0.5501352957065584 0.43459642741974747 
0.06828209647763694 0.03518657107925892 0.0760933612503166 0.2408400867758794 0.11061150778330418 0.12408869902388474 0.41659817374307495 0.21281313497943521 0.24712531159786655 0.8366777511928432 
0.09567232847379213 0.09708755517084372 0.13543694172343518 0.09176213040611318 0.08765489556351334 0.09535595115922188 0.41353273774087485 0.40076582567705527 0.26390871960143913 0.7346415037634657 
0.15657784873202452 0.1695573729139806 0.10002374893168908 0.2156484687351001 0.1628879067260547 0.37004487193809016 0.2108269931882825 0.23528698573578874 0.2503767970130617 0.7636925865974485 
0.03164905299805176 0.03313822835502361 0.10400457253365147 0.049620845269321326 0.29241025152357014 0.13246190678516365 0.1449164449468717 0.15404235596588142 0.8038482094406233 0.4411797080097713 
0.11768117813481525 0.11629548058902174 0.4056906749174971 0.19336106438552592 0.1979203438142431 0.24829998064207767 0.4860115405257009 0.3428193711267536 0.3598739223920853 0.4546866106798053 
0.013852931317407523 0.006296346068957937 0.006591435508521945 0.042280601454416956 0.10862488858692533 0.2635133663816164 0.12670115024106043 0.47068642526470106 0.7269404671937318 0.3953098570149705 
0.07130818061128849 0.08334067102222223 0.2565380519855072 0.25165065306509854 0.17884487639047247 0.36512567028631027 0.45751755334054955 0.2956462775215113 0.47198388901814686 0.4263581292114746 
0.254395517317525 0.2450929893371775 0.1659025979460964 0.1628805835469792 0.39379343158719976 0.2403384561829329 0.47833090133090833 0.35232211969178084 0.37139694877357027 0.39398203567039547 
0.025531570796628208 0.0237749297749241 0.073697027845834 0.19338417625417237 0.46079356322298304 0.21266718387460307 0.22789432401971474 0.3084042539698062 0.5840134060380198 0.4633909748855308 
0.23056863575993575 0.2344103583491414 0.13636046662866216 0.20859289940055345 0.17108764801032408 0.19413843156264923 0.20898106328224988 0.6626378981312183 0.36483511511571615 0.3947730234216776 
0.0592180025723601 0.04396533671500404 0.11193544241885571 0.22108761025440954 0.1108701670897011 0.3685479988653542 0.6026212125849096 0.3208150980712896 0.41862117145417205 0.40193385390489017 
0.051640185478225076 0.10728059425554633 0.11235693890239085 0.07320198036361868 0.07560054978928472 0.0797403099961154 0.0920219951281436 0.5457453018796123 0.253167434531166 0.766583564663067 
0.032582269663825776 0.08116120842737552 0.03602862964939549 0.210545178155793 0.09989766711642659 0.1075656627541736 0.11913046788294969 0.6804242439814248 0.3378905577966839 0.600889386761389 
0.06464354545071235 0.02830856717113891 0.028507028965015207 0.07427989667320435 0.2407908297096826 0.3939595227319091 0.21115761844034234 0.6031329746245347 0.3334396764609483 0.5194900695664822 
0.008933076667407952 0.021670309626326913 0.042459185120303285 0.11620584725391175 0.07626618549743339 0.2622837639415683 0.450842272442371 0.6801704416019345 0.38761868357382384 0.3854295535594566 
0.08842049393492513 0.10422320129767818 0.12649983799666334 0.4336088792134907 0.3765369992456608 0.3688219944336119 0.29383732820280084 0.3208641124609671 0.4044512611853162 0.38864755179071886 
0.08959233127340889 0.1679413290037566 0.08343071431219024 0.08756078022496785 0.11201915891737857 0.5799581300706063 0.26287203245722846 0.41887620068851866 0.413987201002699 0.4374407518922013 
0.15414696974608433 0.0654974874943946 0.07857542217286151 0.4022457898643642 0.2676100445355025 0.531847633114745 0.3050029321495158 0.341474463195766 0.36236582362139264 0.39228268457628135 
0.2500163222707416 0.10364422618583276 0.2037400933391898 0.24421902331234163 0.44378404097802776 0.25346723450922265 0.27227164824954564 0.29600876996656905 0.31648000971604484 0.5665208013644432 
0.05391087937014906 0.11800765761036536 0.09663638061770884 0.07094961561919588 0.4180353016345737 0.4531711639247893 0.2656844413057896 0.2874726925826143 0.34209393736355054 0.5657407975353873 
0.12897721659924413 0.2723484969400017 0.2768630876052277 0.1760555034861668 0.18601694192547444 0.2028385780046784 0.2217289068023401 0.276518733704278 0.4816242049124705 0.6250969386321378 
0.12839901738060458 0.2842736759974566 0.12909025523958603 0.17907981088637828 0.42929511793935293 0.24155551565331304 0.25834225190766735 0.3713461762451365 0.47328487122883073 0.43962597550823523 
0.1925753411048185 0.10984157559525946 0.2954645625141617 0.24754622490902714 0.18453933449349202 0.1975478205585333 0.22639498635613692 0.45048777396417256 0.33227617418844674 0.6146410573811122 
0.08398330768307677 0.2053109322465291 0.10166858341764544 0.09885466607858877 0.5953788473504086 0.2754157585958798 0.2935627438498428 0.39879213843590394 0.3535937214610697 0.3873586545715846 
0.0862745087268249 0.20994582300826986 0.09555194642065962 0.10691435627669059 0.12820584812275027 0.556160972023566 0.26153561946247517 0.28901228131293505 0.343193547831077 0.5830243861111761 
0.022177770814251638 0.0530205520191864 0.13909715964851907 0.06322297972231243 0.3776273444323242 0.18287163097140713 0.19294624253650977 0.6939189469364907 0.3518388684537534 0.4105510876732232 
0.04465986704421849 0.07136929210992163 0.07708269191181523 0.11351402766383306 0.07411421134850686 0.07785304691698333 0.4608831716027252 0.21693146066797991 0.4682665954567862 0.7180971165699093 
0.05846577633153362 0.057713494049869175 0.1295401278229988 0.06577865854180627 0.38165535952744684 0.17450223707500948 0.18917096227305175 0.20257200005330356 0.22809010904242757 0.819199128490484 
0.1253600517725063 0.310021433112359 0.2969772993794595 0.1847464207464716 0.45210324735122503 0.2715108748746621 0.2956431477305371 0.3209581834101407 0.3469408137324049 0.44667680108187147 
0.11394092848340699 0.2447849999303011 0.11185599904059625 0.11894709789279147 0.1341384755943853 0.1379662744138048 0.2870611256072932 0.34890829779877314 0.24259639140048442 0.782359488032077 
0.03582125972374729 0.08860291637386032 0.07629037431698175 0.05712162100701564 0.23133859933574014 0.6369360185553368 0.2933990202427712 0.31146596664387455 0.3949519350472562 0.4349884624258678 
0.0321580843793752 0.030459450749031256 0.10840773831513234 0.26229820207268034 0.11921550631976069 0.12924396651494013 0.3945038562557412 0.663510189467768 0.3490559650388395 0.4141169240689986 
0.05813497591630706 0.06737378273025682 0.12059681138598875 0.08668631223370556 0.3818360070539101 0.4335770417966187 0.2653576105950798 0.5363631164801531 0.3485892707374017 0.4188114024959538 
0.14589297512071386 0.0622034989761339 0.13236079646140037 0.24731669959139607 0.1996416422012717 0.2305632213614702 0.1819348310425439 0.19442679311050848 0.21700998901850976 0.8387084134630223 
0.2030982354838783 0.4511536898078336 0.2115370446477338 0.22752040536275872 0.23986655066355028 0.2777725143162299 0.40784372991126316 0.3324790437023077 0.362033707351568 0.3891493799096459 
0.10651906186279672 0.06448361004054629 0.0530186044140214 0.0908146939316663 0.1603667468701651 0.3101118910722396 0.35403119976750286 0.21607837990470308 0.6907615501906689 0.48547693197688957 
0.20274000208167833 0.21181072601443718 0.17546928298756437 0.24585687864357464 0.23297905274102587 0.21100938930374016 0.23208336129032034 0.23967257292391841 0.6741654653732083 0.4089280975985371 
0.10092160203179737 0.09779748198101049 0.05800976506478493 0.11059582603092892 0.09129909107516163 0.45913299620817694 0.20869979331817112 0.22996406350549942 0.27362338863593777 0.7617867836596601 
0.1590571743941714 0.10107105450301322 0.17405112024752467 0.166635607463513 0.34309407510572154 0.21958532558359997 0.4434423685762114 0.5229930274297457 0.3886068112000675 0.3894720309641024 
0.019991837734414982 0.04446446029504584 0.07274160044216325 0.04009755342824762 0.21940624378248683 0.09842293839955163 0.11362508780965835 0.7084669955763424 0.30782583856523904 0.6189328511859308 
0.08166554987678379 0.09875014589422533 0.10426532365576018 0.0833018935418755 0.07997867907532104 0.1244428121180959 0.555699103216063 0.6418165422536806 0.3582829036191471 0.38278380696155373 
0.10904860944480708 0.10658960114635121 0.14373838796893978 0.24059824464594112 0.15538475801309842 0.2139378663795402 0.3659000213040401 0.5754688946332728 0.32802791434911877 0.5242713607658038 
0.0273667181057517 0.06101101433569373 0.030577860354015825 0.05907239261449308 0.20297863387564885 0.17049179583591642 0.12639066329043258 0.71652710745034 0.5068645705401381 0.3858702929864241 
0.08016837878621258 0.06569733658555431 0.044701685271534466 0.05186055359305909 0.05072710736309401 0.3055812290855759 0.7131016650618764 0.32619862068817473 0.35322755956337165 0.3892903990573101 
0.5099724341647268 0.20457212431461372 0.2334129314236594 0.23727413770120032 0.2594406769900337 0.30626414550629305 0.30147798148404986 0.3267645967426523 0.3538099348618705 0.38577542998095943 
0.2850440415458107 0.1213441238434326 0.12764603225144613 0.17317432380110642 0.15368681309109952 0.555181077102039 0.38886344237865667 0.34492215716574487 0.3533467737162573 0.3892322142966664 
0.0410002215558128 0.10010108144043295 0.20817269849678646 0.49037238315186427 0.22945090862627504 0.2512731231813857 0.26702222840587503 0.28564309293658235 0.5373132433908021 0.39693154774035583 
0.22296503656304947 0.2744086293209519 0.26765225108407986 0.1877587415208364 0.2008779105385409 0.2325021444697169 0.4762031746136246 0.3274674261241426 0.3323422715909975 0.4967693262708501 
0.13593097324035955 0.15131111071028738 0.2010146441401449 0.26493022886420114 0.1764887819639988 0.18143703637635433 0.5891672912538155 0.37877941637303614 0.3600788120681096 0.4520768126097819 
0.029723076258485744 0.013357461139962936 0.07469491758519838 0.09933011081047276 0.10862406430482562 0.0671425088126949 0.4180427953208759 0.2743622105324002 0.6483018186783379 0.5923576212122891 
0.1923439140095699 0.08249994047030097 0.41595432864944104 0.21913884921384413 0.20829234244143296 0.22962230657012409 0.2503444584572064 0.26613878101218935 0.42185691745942616 0.597259909709783 
0.053517272544061946 0.12127906418364329 0.3375416405008358 0.30447248839171703 0.1995875391166309 0.5029761395367205 0.33576660198800157 0.3307561876533048 0.36061287115483975 0.40969155924153167 
0.12337482200623476 0.12373324061218721 0.4129590198585427 0.3908620350636407 0.24627523643126875 0.26074910961515496 0.2855849087920822 0.3067921177833442 0.3324418217191231 0.5159512046756564 
0.1203247963633672 0.06164546369842658 0.32328217246294555 0.14481377282871297 0.17123894407320883 0.22307882395872952 0.1961576445377654 0.22016120549539195 0.29810344727252047 0.7789544087132204 
0.20200763830017812 0.08991341396788266 0.11945921640745888 0.1879395648738587 0.5633575697817566 0.29338209258098846 0.2916229182947148 0.3146971412046779 0.341013336974258 0.46096182827026805 
0.12420943598310973 0.05215240287293063 0.297786029508357 0.13980288581421899 0.1487734044721577 0.20099885732088585 0.6288535958959551 0.3126636291865806 0.3429705631209753 0.46646656011953314 
0.07279932041803817 0.03079025632524561 0.1689455275735019 0.41303596174103246 0.1977260430088123 0.20786587431979653 0.48420788069771886 0.3913068875176968 0.39855890869266103 0.42972705830235414 
0.27293475554915525 0.25428177547052727 0.1746402730075836 0.4552434291517702 0.25615707688083117 0.2723926464677521 0.3012941132916004 0.3198853396403836 0.40894359804968067 0.38572512039967877 
0.3584144474567153 0.23144472664024504 0.1759613091973328 0.2017487204159999 0.427409226839085 0.28399976103957425 0.30606572657184083 0.33641071612188256 0.3916537998351191 0.3854826766411892 
0.04984168101081457 0.11375870707497476 0.09695427664455925 0.16462786881372235 0.09511350163449067 0.10662854100208084 0.6098911421609058 0.2998882855565027 0.5518434365832913 0.40884925356864515 
0.03974143900451098 0.03561941792901177 0.02200904111060483 0.12917217623372373 0.06960925564572684 0.37687144111887 0.17023500238298914 0.18647119573251567 0.6296433437396168 0.6143772687637752 
0.34141206201703667 0.24739083253565963 0.1893944324578398 0.2159301945138984 0.25358441927949604 0.2377062687260263 0.2717119461817701 0.5197011961524001 0.3670501592823017 0.43491180370242144 
0.04402394089007909 0.10040369932809999 0.14962758733596712 0.11870658419827984 0.5178059332431629 0.2350145649236524 0.26961657967346025 0.5660939608939988 0.3484054283846644 0.41745806910851674 
0.16621087644489763 0.06829378093942264 0.07700810685918276 0.07959439859091852 0.08860615085727402 0.2471069670184969 0.14731890934217512 0.16121730664904774 0.832824163945339 0.40919416558714333 
0.2229902718689917 0.1137203843568195 0.10455314735994986 0.11519404419860181 0.3590180838590098 0.1922494115976792 0.2069323073431468 0.23230121795364353 0.25090718559439995 0.7750013079060412 
0.18299694644812545 0.3115510331266768 0.1949227286663404 0.297925818969246 0.20906174933400695 0.2619946373676855 0.24973521381977268 0.487562132324261 0.45873435743207847 0.38345635531146455 
0.04154330510978344 0.04030494491785097 0.11199283560587404 0.05406470747974974 0.14508439466111475 0.17037012984022368 0.5719436172530692 0.2709015960165455 0.4301625068342579 0.5892649290957462 
0.07275435015059915 0.07116005595611266 0.0435914507920223 0.07448425535963595 0.07645262572196986 0.3529763696221589 0.4412346185137718 0.47607151842880563 0.43743672822605406 0.4908175180469457 
0.021720035851753652 0.0348839589389582 0.033327282809058056 0.060623048539016754 0.1641180330970722 0.11436338403202762 0.5111374558178199 0.548500950186064 0.32446118327708046 0.5389633143809007 
0.030532075287150306 0.02152201668022968 0.08659082665900744 0.2147491481268421 0.11992345345952644 0.6214363948157178 0.28168885283064604 0.3173801484244225 0.4818854138309718 0.3855134449951013 
0.18683691226004176 0.21044531325669077 0.12968581314623728 0.13739871002583445 0.29031454637621584 0.22386753217994412 0.592434102176508 0.3143896909879219 0.38209468477517144 0.4266093897275208 
0.356123430498175 0.31000247482352195 0.1982845640774536 0.21847321897350688 0.25505807647636436 0.24816992613247363 0.2699504286939096 0.3108449516485704 0.33914024962389916 0.5469308589710629 
0.0575675553368771 0.03503113672768253 0.16626436506691317 0.16735271199845386 0.5068249107911338 0.2548720204223676 0.25851491245932146 0.2776808686446483 0.3034554654209657 0.6237758720872248 
0.04605270073444389 0.029062788684112707 0.0575270170567843 0.05083434067870598 0.19748501398610505 0.2164909732536347 0.3239217141286109 0.7130676627095988 0.3558255488288379 0.443816716237948 
0.10323553534095907 0.1302912031288531 0.39317930998503975 0.1715221048134798 0.19274863215497684 0.20787480391146235 0.21963500504432526 0.5636548996838542 0.33193901792386615 0.5013083375960934 
0.014534172998845154 0.03624536259846449 0.017630592599252357 0.019515534190715594 0.11273194840375426 0.2894495180677284 0.12990134367150447 0.8208083215030515 0.4119463098506075 0.3868796023193612 
0.12304794101744986 0.14525475116806702 0.38726575227128474 0.18422876113386485 0.31841915779586855 0.2871755093938211 0.284656923839152 0.3345285705470573 0.32670073493548807 0.5544396742000754 
0.34987105386797385 0.15196247217294034 0.38177630068841895 0.2137961455074143 0.23393324982599065 0.30215787487528656 0.29008590151555225 0.30267056555752625 0.34749964314579646 0.519100556230965 
0.3608224755618875 0.15298317143490364 0.17240955880575243 0.1907960475950229 0.19667103988095605 0.40788239196389875 0.27320276576278857 0.2905114671576085 0.4465384635752203 0.4816907763394566 
0.14977306247339153 0.3697709903399996 0.15962662879520412 0.17866850947061205 0.18920574269127013 0.20800866382961922 0.5788379305098469 0.32506844696490694 0.37174008901891525 0.4013084073463171 
0.15585643343160033 0.1503025030138487 0.09322209237232938 0.5585926047117103 0.26640138538534364 0.27616701634600704 0.3106506615322665 0.3194170265599561 0.36597897811368624 0.43027146116961923 
0.30092129519333016 0.2733377132373741 0.1760602860877127 0.18377696494635898 0.20205923933647552 0.2199200904047218 0.23707489480601546 0.25311561764126717 0.2768105063932618 0.7019089631376362 
0.059778674977563284 0.13305189746629714 0.36006516609771105 0.16488962901123144 0.4747145301741288 0.26231451257189947 0.2954625889604341 0.4073475885147698 0.36299546309256714 0.39231337071189576 
0.059280597751992556 0.07613537186671045 0.22685055313641092 0.20517828961857595 0.13687061529108177 0.1467920399028444 0.17037484779766035 0.6556306476653552 0.32026697813593075 0.5504923836673284 
0.1508436373598574 0.3736965263693143 0.18569394461602629 0.19719834757238097 0.19495661532743483 0.36936864128880437 0.2621427936692163 0.29713156237478167 0.3331231761423813 0.583031505381478 
0.014916655402172558 0.032686080615686966 0.014350644762684253 0.029406789205624048 0.09832817136583394 0.0467291762537739 0.279529940656463 0.7154743387557254 0.5060507524655454 0.38934224397017186 
0.08695635807971906 0.045109422480364675 0.22524487779495272 0.12113078386544425 0.11895276060511588 0.6655524065990187 0.30218464938177186 0.3260132825516951 0.3622141343587769 0.3831913480986046 
0.07438301155055667 0.17495242873915898 0.16854240840777385 0.21627097134245685 0.14224755147710086 0.14871396792575928 0.5162236860028475 0.2722010947005229 0.2937444999696509 0.6518364608741282 
0.19314542246120825 0.18067067815579088 0.10757077226836509 0.11359501316902253 0.12515335702401792 0.15210214687691154 0.2909164109845171 0.18894424335479354 0.26250099248811015 0.8315908924330911 
0.21678860452516524 0.2605119872695303 0.15433101910372973 0.34606280270519446 0.21338769308095631 0.24448423414957524 0.25979079923652126 0.2765870886948912 0.3008213824176574 0.6432041640745547 
0.1673393803996968 0.37046217026217176 0.19344778801560442 0.2501792215563455 0.2167538811249765 0.3100627836212576 0.2946240958711464 0.2941889032992932 0.5426723034551394 0.38902956167078884 
0.09867150677583961 0.19942691014565317 0.5590026612848085 0.24032425960837658 0.26202842897844586 0.28686182934500426 0.3180687238207864 0.32639580482601976 0.359171994415502 0.38481176206383355 
0.021258347657447517 0.029393964373051414 0.02222049197788842 0.10657511645291395 0.26401791194706764 0.12334817676774948 0.6966707979828374 0.33262831326671766 0.4431661533718481 0.4028050150205492 
0.17361320706019023 0.16196686114629746 0.09442986999240711 0.10160201631288875 0.11258651072825893 0.12654888068325248 0.13115034568985293 0.14376365746105743 0.41917434356370026 0.8345088009527819 
0.06996131590022807 0.06307903259672311 0.0958983536320726 0.054339989701644935 0.3419883051098069 0.17443480382596513 0.1920676498518822 0.6030269045455142 0.33689907437167355 0.5772439422957318 
0.09553899386546413 0.1018130350093144 0.0653001516386111 0.37333848162158156 0.16812615325414157 0.25709471087778596 0.39948028274151864 0.27898286187592203 0.3810538727788308 0.6145121110874108 
0.0753099474867273 0.10437643797335287 0.06231821408657563 0.0768400472291217 0.1472428239527352 0.08902741697397275 0.09605279420103091 0.13349439748193087 0.5600122194181585 0.7887002959448663 
0.022837522728771088 0.053172152517640396 0.03413241810698035 0.14401288307738977 0.22670909975979842 0.11524450298983653 0.3337121879202456 0.27704710608568145 0.5784706036945273 0.6501728135508689 
0.021258326234116862 0.05241683830773917 0.07209841127368849 0.1182279242708049 0.06050810505246573 0.10466012635873512 0.4487190750366645 0.2766581155014283 0.7397455392181218 0.4142839592944124 
0.021573116338992043 0.02901644688459012 0.023253398257127914 0.10024951765099503 0.044289552872448006 0.05412227547035603 0.3067575165576354 0.46012252127270936 0.7294712233743952 0.38402996108944043 
0.06478884528313988 0.155674614806292 0.12625109209532867 0.30292508614698554 0.155879491111059 0.36059453234815125 0.39308545460552796 0.42607531515615016 0.5159329222966227 0.38496710714229043 
0.06139787912188704 0.06153881728766777 0.1357541174132971 0.10882395520287066 0.13067843227228804 0.2865996983129933 0.22932748589968052 0.5334139112858327 0.4679913006093403 0.6135372832050966 
0.06236858450504771 0.050348600510101545 0.08295410500405909 0.23382882499149424 0.42860546152915585 0.40630431585181237 0.5106832950051661 0.34705578754528754 0.35358744675096915 0.3866086421200698 
0.022484895761747524 0.05652885915026477 0.147717027624898 0.06622767804949332 0.06768813731910778 0.1375278090795748 0.21816229372470972 0.12785828049436 0.8081578916834108 0.49925521096996595 
0.038256687034472416 0.0916171073801584 0.041076413001834566 0.07980955795713231 0.2968991208865587 0.36673055934007626 0.5596314307644411 0.3080145308324179 0.3405043923510179 0.5123380681336485 
0.01884807517457279 0.008285426582799862 0.05099814450347152 0.10914991603686457 0.05136239950932362 0.3371640776212716 0.3110712506262446 0.3772268760760189 0.2582796949650367 0.767655261460167 
0.010844457464483868 0.020548386100457863 0.04253814526700612 0.08961492657887367 0.11209836309617947 0.21850867636675306 0.3838551718697164 0.610376514218801 0.31964741104649613 0.5722851506889668 
0.027114017079398686 0.017428072683279616 0.07564144949795933 0.1562623998939837 0.07631775257208168 0.3848608888259513 0.2012640755747344 0.7258288153369052 0.35392058174523444 0.3850880622560857 
0.027781291125442673 0.07117394098043266 0.047561230950668255 0.10405766334989103 0.13867221315761916 0.4522376413058098 0.21908433638717445 0.26178822568417587 0.46447606553546883 0.6739381206215559 
0.10539451677024532 0.09166335319475283 0.05578368368923946 0.27268502698782043 0.3289774415559022 0.2418884182839198 0.20920493929427 0.302524683091027 0.6320233829401082 0.47558312292195115 
0.18597299883212112 0.19821837578902624 0.11339529373163329 0.372517856347213 0.24838576932724576 0.35858248517349667 0.2935727906438599 0.316319460676667 0.5229275076506427 0.38285839461789223 
0.2846087383444406 0.12213506510016121 0.3928925724097534 0.2605443929049867 0.35898337942343417 0.27685780874728383 0.3006923741167943 0.32453094508981756 0.3625082458581849 0.40508164657027734 
0.06790565715292765 0.09624187374854719 0.08640880284735819 0.06290703695363059 0.30809731436878796 0.1465212775243076 0.4137648622496316 0.48156710776503875 0.5008111307224853 0.4870324947580014 
0.014710830632355027 0.019886286606736824 0.024039110768528677 0.08022557500563585 0.03669154453152604 0.22624174438362313 0.10797496105917036 0.5662946167224466 0.6290990063130796 0.5081828219410591 
0.04884777853078035 0.11791141167449062 0.10896690787032452 0.15542837546614438 0.1562592873380788 0.1885772339779951 0.202794776171449 0.41826578419416366 0.7300721761210347 0.43833574189885033 
0.021527556372271568 0.011238650638954335 0.05862826805746023 0.15320304747744437 0.06653986553271216 0.3911705402342981 0.4074867941029852 0.49456768928885747 0.5905245349140145 0.3967519732606918 
0.10120615113563515 0.09349201178929333 0.28511854328723846 0.12660078436819966 0.15291001242331584 0.17933714105007312 0.21998461553729665 0.6804447004389137 0.4475279469155283 0.42683159982031016 
0.028878776650271085 0.04597048965530959 0.12799768034655687 0.11347700205608037 0.42696997783993884 0.18857220414239845 0.6060882621224357 0.32855037906577705 0.33969246480724624 0.47172939236777817 
0.01584295529967886 0.008224531982933775 0.029086958863473886 0.04712271656285524 0.06331016402163885 0.0352487912516529 0.2217376488762496 0.2846710347935972 0.4668879133831605 0.8218126339028102 
0.020472733399043083 0.0494181548273106 0.07473853034038548 0.17261493351864188 0.08538101723596077 0.17440886668470387 0.17969616753475642 0.14696157091290038 0.892670492978654 0.38479204209882145 
0.00984645490284055 0.01728221188456407 0.023767493439224997 0.07188055284085358 0.1833489398317051 0.25694501171521356 0.5439132993859286 0.441137600356064 0.30201820054320033 0.6141511140702167 
0.02320487719058433 0.050543172031395245 0.022005525814074507 0.05327419761434732 0.049776306164813267 0.03827802440442076 0.24781373339015125 0.11324827282603303 0.6626038654450253 0.698280913324381 
0.00340210259819191 0.007357912343385109 0.018414947508669368 0.022650315787949855 0.04931122821584559 0.09299677086711092 0.04647597815468057 0.2700925775093792 0.46548878413486156 0.8569091675509828 
0.009264939442383081 0.014179065536796327 0.016406085472724447 0.03767101256724084 0.09124931631569684 0.1859912138791676 0.3109062619643563 0.45456162903592723 0.24302826176779926 0.7846911803843414 
0.004253978243901829 0.0028063059056684025 0.011858470874520582 0.02640986199281555 0.03295599155231499 0.08097746778368364 0.2353931477578626 0.10117509539994096 0.4263326408577234 0.8705128112730453 
0.007860615210401758 0.018905805687846642 0.008286669877838113 0.019067554816755514 0.022054291344400265 0.08967397574360178 0.23609609385847896 0.6147187086469477 0.6535249505834819 0.43878514865077806 
0.04150387860235335 0.05678640084987809 0.05563756605369923 0.05128445282591945 0.05247221721317384 0.04970990097501657 0.3014945892661143 0.4749168371832188 0.5703040165076391 0.5869517202134752 
0.012518089957904321 0.027935937903390124 0.016415389990189162 0.049285268331272315 0.1462650717124816 0.3045087813614585 0.3283168030362882 0.34299236822269713 0.4488290184806398 0.6990137526362407 
0.05157825426449508 0.09904420914407396 0.05265634281786165 0.10857461606934164 0.38702870939100487 0.5204886429693159 0.4781392728410989 0.3287770725098196 0.3535989373198345 0.38526440556155184 
0.027713063667383016 0.06327923319389488 0.029996403959781905 0.07437616034650639 0.1376281713038284 0.16326558836651564 0.09710524721004091 0.6373793975585977 0.4613706291357947 0.5972646167088763 
0.038753389693099556 0.04069536926753744 0.047350704192360205 0.037385811775752 0.08018406202376113 0.060507092587712454 0.32212271770282375 0.2632219287365928 0.30014443078741804 0.8583141300318745 
0.13270407915508178 0.07199130839970415 0.17431715120349708 0.16812503541244797 0.42653578124143826 0.4414693870069228 0.355500395408152 0.39936191340813676 0.3929379515196412 0.38292678113780326 
0.057612667677833046 0.14727077479143694 0.14097118746606835 0.15885577048085506 0.11250969574381388 0.1865936305922289 0.4501422472881005 0.5016295849722648 0.5498760767197686 0.38328402058309774 
0.018458438581472017 0.04478821159315489 0.06539060280542452 0.07321545373780107 0.04359800335449881 0.04836435708318289 0.30390336090028464 0.13847910988636172 0.8635478175620521 0.40287864510086335 
0.06870072676557097 0.14919077726828647 0.07047663123697036 0.07180975702380318 0.08100232295666514 0.0893715106687799 0.09321632168222167 0.5711327589197138 0.6094627067237409 0.500259593384266 
0.005705132236221808 0.0039051030841723926 0.015925800255553218 0.024079387598604635 0.07175934273012956 0.19488899388506067 0.45457900212664093 0.20615740083116482 0.22263337463639124 0.8183804532524288 
0.04036465359930464 0.03328841417157895 0.05078844729076439 0.08478158481436096 0.07118659798234514 0.15149136726283435 0.26566769721140127 0.13569140802300864 0.14906828449427864 0.9253292355143051 
0.004917560694003073 0.009710918648125507 0.02522428838723281 0.03494221518745926 0.06845242948150726 0.18869220839125347 0.08564671490985401 0.09127352692001153 0.6081202362809242 0.8008841231732549 
0.0039180067389600354 0.009644141840722197 0.007291525474554083 0.018832882642244832 0.05525114541279163 0.15077107016538233 0.18151735694393792 0.43258056106432674 0.418254511060943 0.784413505178263 
0.051071677743763574 0.11876769267167721 0.08978567781592249 0.1281892230418513 0.28720710525192433 0.14986979442065532 0.39916025760348994 0.23162721207191772 0.4102274133702099 0.7211040220023899 
0.017854000420687664 0.04400686721247307 0.01912700033128928 0.056100507365561 0.057728390101439035 0.22761690680696456 0.3617265123463389 0.535562033259266 0.6545953921608939 0.3970754191570462 
0.024644275894763222 0.010290591237595216 0.06525418278586287 0.03258110991772826 0.04319143501062955 0.22107518642308568 0.09524021051802327 0.24935687734087075 0.2144841289249442 0.9117839949080297 
0.0011123942131501313 0.0015383721317748557 0.001307823600514342 0.0056746920125636995 0.014262861307490864 0.03784958696694235 0.10030397535859485 0.2534312793945611 0.6837063888728511 0.7197182210399989 
0.0016043535937614968 0.0011737481765503085 0.005026236490323136 0.008154754051545273 0.02257361494379547 0.04922278687293174 0.13275409965062746 0.3450620970889555 0.8984853260835903 0.3828358048719302 
0.047080126637209785 0.0843746106577374 0.22176180035135118 0.14105557506725255 0.1440041332584569 0.12764257513926094 0.2991571351751381 0.48829947643967847 0.6649444388304184 0.3889029579047755 
0.006481198893575411 0.006340473651723871 0.01407519114121198 0.01556562512298458 0.014035950416885655 0.062017239261996766 0.16661123126614255 0.4246760214050788 0.1842313379398188 0.8868595745454652 
0.0033562433725209955 0.0014751616097770962 0.0014534623269475805 0.008969575956103324 0.011844776985295149 0.038900469036497125 0.09627093754525662 0.25785076528510864 0.27934398132680266 0.9239319628276069 
