1.1846545944699258E-4 1.4838873079346988 6.545424314167212E-7 29.150107943244738 0.9999817988273558 
0.9986227426728818 1.2309742316526484 0.016998262501511357 52.29350306078847 5.0201117333914465E-8 
0.5472482773456379 2.9433353723742077 0.9554036362881786 58.14334063423151 3.274613276058621E-5 
0.9021843561983405 1.2706475600180929 0.291581629079188 94.76891733276928 1.0311301015847277E-7 
0.9950659689065503 1.7901280214117739 0.027600823614075082 39.32535074955958 4.929616186441373E-9 
4.216937787548891E-7 0.007327755178592468 1.275941152150759E-11 19.34065972418748 0.9999933447868838 
2.327546482586862E-5 2.3977640843918016 1.3071978348310639E-5 22.998137813359964 0.999986447703833 
0.9138859289537279 1.6420361501542626 0.35635217611342546 84.5239292523872 2.4274227377110185E-10 
4.2081025847061024E-4 1.2914071657689812 1.2594770325694466E-6 34.52970822464296 0.9999747696970166 
0.9994022205822417 2.745946004929567 0.016458881088053066 21.092519092669132 1.84308987770445E-11 
3.754065920127122E-4 1.1554303416960794 1.3932904523011322E-6 59.069372288836696 0.9999804632855235 
0.9167928570835199 2.5408982606105934 0.39435352725594647 18.89157231486032 3.8816076783678285E-10 
0.9613047447584007 0.9276555411349652 0.21933254934931795 23.15922711614566 7.875991210770014E-8 
0.0 0.0 0.0 99.6941890255457 3.257037655131382E-4 
0.9774249280974099 1.6819471266816695 0.09361924418322685 14.61494338450871 1.810455557379709E-10 
1.3329951154484946E-5 0.0059926326458868 1.8445817229239132E-4 46.731892553903336 7.761473397449944E-4 
4.0901574803148657E-4 1.5622949601655245 1.297853093299005E-6 40.17086214161688 0.9999747820634187 
0.0015690682045319561 4.1156016745930195 4.960390849539992E-4 38.30023729292476 1.6515374129262737E-6 
2.4501106157006794E-8 4.092071645536993 0.004834737640413576 48.932220020941116 0.002749287523311708 
9.511381234611637E-5 0.26486369693396583 8.747048354051676E-5 11.469394490707874 0.9999932981256034 
0.5743823630779322 1.4268717672181582E-4 0.5984073097560902 90.3098297827762 0.13527612343234627 
0.5436915150635717 2.9933842628937195 1.010522456253668 38.78493561873477 1.3974326571893173E-6 
1.2204063469491011E-7 0.03537317077392711 0.9140089418555468 56.038382146530616 0.5725479537251655 
0.6982490120848366 2.9605843187320504 0.7762193217470861 63.68940081044127 5.6590600211863974E-5 
0.9225008746067213 1.2421161671265997 0.2652829023888689 66.33843438614313 7.456938345056487E-9 
0.2522975645038682 3.702395990405592 0.2765843096675094 99.45874903636977 5.295199124180698E-4 
0.9995588592031805 0.003736898763661455 0.012438855757283433 76.15724834114772 2.4477153215378016E-8 
0.5397185343031408 3.8384415548050836 0.022837991198473895 20.012574680987708 2.2718083364193568E-5 
0.6525064531292164 3.6533799861124208 0.20058954211661614 66.84219467396488 7.50457674541088E-5 
0.8303253331425813 1.1651697475369123 0.9590692385508656 24.950329075608707 4.984324476920275E-9 
0.9991658712710858 0.004335770131772241 0.02174350622550026 60.94888360351373 1.0023185642930948E-7 
2.0183360371412114E-8 3.8491625441848716 0.2751654521369869 40.18072633716257 0.004711271144588196 
0.0 0.0 1.0582800378996574E-5 14.553405165546664 0.9999944510939424 
4.964941337604031E-4 1.2649180775169058 1.5451426342942301E-6 41.785412923966284 0.999979139101226 
0.032706717129430206 4.123952169867822 0.002491668214505749 56.31850815922609 1.1444145572674943E-6 
0.6038698953090131 2.976531561321723 1.062998431207904 54.9007764654385 1.3932327429594664E-6 
0.9985100159133117 0.5334903496754861 0.9240106661143234 13.286442918747165 1.2369559189174756E-10 
0.8301188616015669 1.4151569464932194 0.9595624825183314 17.763901941604484 5.304439715042894E-9 
0.9155999716678299 1.6877043268489254 0.40591405855099505 49.067496203704565 6.7680605978538444E-9 
0.920023943083974 2.0786335483715175 0.3262207872730462 73.92730131978098 7.716801375406779E-9 
0.4476495412155684 3.0416105240597844 1.0045829596770741 28.425251938980537 5.953034471779949E-5 
0.5906002313506015 2.967781047964522 0.9456624343260825 52.578423943014506 1.5518677906810765E-6 
0.820125655501709 3.7373763152091395 0.063472895508304 76.13098871395164 2.9402434277994436E-5 
0.9902425440618438 1.6121247975743356 0.0437665620557926 36.67067643149191 1.036319589228634E-8 
0.005531646929301107 3.7509327831604655 0.3667198346973484 62.02733843191751 9.866846221751902E-6 
0.9722723439820948 0.0023041976943765797 0.4430849443585048 67.78413210550396 8.72414472676838E-8 
0.3055893835853514 3.1190536638938453 1.0285090898238656 42.86258513398272 1.6625292899188681E-6 
0.023778357447716954 4.109257419634357 0.001182729670844643 41.86793886664828 1.273174662487016E-6 
0.0 0.0 0.0 104.99607850677614 0.0 
0.009165335740881254 7.56364422920326E-5 0.9118554144415432 71.58789485008371 0.14205686935803796 
0.916671116427522 0.9425136237599392 0.2598419226064531 83.23776559827067 9.955004432608304E-8 
1.0936036852480706E-5 0.004472071904889029 1.473259314735895E-4 13.131212064306302 0.0013355653364615896 
0.014836971026562184 3.8454034100042587 0.2713811143425509 94.60259620305736 5.971048683601262E-6 
0.995799784285162 0.11050132884464833 0.03949681220908557 32.70178691910209 6.956616640739367E-9 
0.4764612725452447 2.985681835708628 0.9588539917726905 65.46772390399052 6.482077537426784E-6 
0.6713277012666152 7.627693793849965E-5 0.5254560021017701 96.16837032294193 0.15195478410405605 
1.859232099554176E-4 4.052530511777947E-9 0.9097267939213323 88.5288667749936 0.37868788373254764 
0.9987776394905631 0.8378301305547403 0.021611321208871936 20.10108398384619 3.4840202216743412E-9 
7.345026803579705E-4 5.255086671133473E-9 0.9218020794342533 51.73345710475637 0.15112087415384745 
0.8445543665099489 3.7597004400934764 9.13813302596772E-6 78.7067686143134 5.285191485057781E-4 
3.106377593641578E-8 4.029903098173005 1.33635115043088E-5 14.979457216475383 0.06541394974690777 
0.9705332205391789 0.009983603879956787 0.1886791749011808 101.16177354365368 7.3914475614557996E-6 
0.9904337456064162 3.7618532069879858 0.010093128163890007 81.28426534036664 1.5096436223471647E-6 
0.08649545766248443 6.851114419379466E-7 0.8687167777546004 73.70642036289891 0.8466340796717212 
0.9955578992150993 2.802122461763987 0.02092016573844961 32.723756298014465 5.669747733164831E-9 
0.013238546119934688 9.377259618967755E-4 0.9042915432053048 53.59263699109438 0.22303914257404917 
0.6491206522554898 7.670717647196822E-5 0.5247001222626826 34.270855069391516 0.14345598819354047 
2.899636852375222E-8 3.996751078042809 1.4376279350549783E-5 13.305426646510949 0.3263715410310442 
0.2030073262885776 3.9595897155646886 0.008760884895558072 60.0669417990683 6.0781977437220754E-5 
0.9698242582003329 0.0015836601416608308 0.2173923341805246 81.78884142056313 8.764606462501697E-6 
0.003603199378539503 3.9751608353362577 8.124040850342095E-6 36.1922248288073 0.2693299850274838 
0.024705159898459263 6.500361209964724E-6 0.8965569258128375 35.85465314800007 0.5902434074513403 
0.9570103329687285 3.7931358514172184 8.094516087708775E-6 90.8975292389921 4.875411079507789E-4 
0.07629991139827833 0.0 0.8737502972988986 64.25681245691362 0.9650951837839163 
0.7079125856732876 8.295167253949444E-5 0.5119121814372609 29.725542133464234 0.7408903351692613 
0.9952679780877428 2.799257066703432 0.0330800829583399 35.387968334361254 6.1294575681718835E-9 
2.295587403008473E-6 0.004114634227757936 0.0021459761786497794 3.212407211194662 0.999986991882379 
0.9964698298517771 0.05852482336368037 0.02630475947407503 25.953602432890918 3.402969291774657E-9 
1.8835688908803917E-8 3.7438755256541483 0.4473761685361483 30.06270563745718 0.2783598037165157 
2.211211326843696E-8 4.12120333814241 0.003641248147858575 27.873432763767436 0.00248770808205184 
4.524593680764162E-6 4.002513082254481 9.993865566568275E-6 34.033284420588735 0.29473643801763166 
2.485254260576559E-8 3.5446769117659254 0.37839678080233835 86.41497474944693 0.2234729773165441 
0.2039228669321671 6.526818686347786E-5 0.7951764696105849 37.76787170548865 0.21916686465099278 
0.030446504704585355 1.1770393626103599E-7 0.8983964029238362 91.97359782978604 0.7070853615601796 
0.13815237502433836 3.1556375681720463 0.7519209245536129 68.76987690537018 2.5826020664967018E-5 
0.8266083227513915 1.6574967733893757 0.7012299605951905 62.75463590807084 8.528531780346749E-9 
2.2781164472264004E-8 3.6180856666162566 0.3276187649738796 87.86995659799427 0.2889182382978584 
2.4495472579255115E-8 3.5956943967366346 0.3623919812211108 44.675278239215 0.2305082723107937 
0.10185551918206343 1.0342701204786075E-6 0.8649143106737242 97.83537489808229 0.32204377924282895 
0.8467454110678218 7.900585417988438E-6 0.433526510130912 42.840230509391596 0.9347607421797457 
3.5193072311868055E-5 4.002258508458258 1.9138588296840918E-5 21.497180135631716 0.14917879739922948 
0.9983344129656877 1.32314447253309 0.03972857530387936 46.891559294299874 2.8156534782820125E-9 
0.9899320359189263 0.0013036019364440726 0.14386014601395875 21.349984781982773 8.996646371418464E-8 
0.9873020498144406 1.2149942226185133 0.06137150803800041 99.72871808815482 2.6805153756800377E-8 
1.979317798935571E-8 4.130303350084449 1.8247859374560537E-5 24.136148177640287 0.0022582453941185705 
0.5233295860175298 6.397944849651791E-4 0.5818295865063644 4.305379836514691 0.25137640051602944 
0.9522306226309667 3.762971437413386 3.619136279020619E-7 93.5179581264512 5.729028177624095E-4 
0.03862699608710201 3.9229145618858463 0.08813405911035048 8.12950121323436 0.07923821077091586 
0.29505067482926706 0.7802882111091122 0.736385278851045 6.657036876207513 0.9950887612065269 
0.025319386730538285 1.0703480880009512E-7 0.9054726915988239 85.08225663788794 0.7636022380126654 
0.13768809462306672 2.854156674984633E-6 0.8590832722796317 61.590981843919025 0.9774811556240199 
0.6248667731715415 3.8792919785375264 3.273240062303253E-6 31.642891752953147 0.0010531400028598317 
3.6560713694236684E-4 3.279301689676382 0.7374423994227547 80.7284440517707 6.868285869047013E-6 
0.021682324535366313 5.793900148379794E-6 0.8977600150496466 40.60563277341587 0.6561911812873635 
0.9073532092179089 6.792292084636677E-6 0.36189922821809384 39.2552790120532 0.34371428134513954 
0.9218046256675645 0.0037056004781109886 0.2664406396732455 74.47892772426377 7.042076063549238E-8 
0.06203825356214859 5.511333221426691E-7 0.8759635787804145 78.18936054985298 0.6533999930773071 
0.5949223573304014 2.723915648837002E-5 0.5185436388093877 57.418990680080306 0.4081779355119242 
0.5390974849132376 1.4404488480836657E-4 0.5911426046723514 60.24764318090178 0.9919463249858315 
0.0 4.12426613372138 2.969941542622497E-7 72.29907939200999 0.0 
0.4168455559216874 1.2758309543515032 0.6734005817466233 2.9514531727470126 0.5880546887897498 
0.25935221218553817 3.6268962437340906 0.27332238809961984 9.79493443786729 0.10596646363110065 
0.28958861448022677 2.9440987435142774E-6 0.728835330583408 49.410824107812154 0.9866187817012441 
0.8938265510320289 0.06266892079677065 0.33935342119922873 1.9210552319899534 0.23193523523914972 
7.998206504586835E-7 1.7287547274038394E-4 1.069253527906783 0.0 7.218293483776801E-5 
0.001990176581864288 1.0125621967576823 1.3479845739153336E-4 0.0 0.9999687358437391 
5.724383507024054E-4 0.6255749002738541 5.6173783829293923E-5 0.0 0.999984615939616 
2.601399364218991E-4 0.07110006477326683 2.2154118526021874E-4 0.0 0.9999927529017598 
1.187196063836738E-4 0.0 6.057933335073889E-4 0.0 0.9999936392274169 
6.307891887053593E-4 0.0 1.2106048285346385E-4 0.0 0.9999857318543887 
0.9523452295522828 5.2618918464573544E-5 0.918467211367541 6.465950568202576E-5 1.0058734537375183E-7 
1.0002887541815366 4.165492782285114E-5 7.821831773566028E-5 0.20112621703509972 2.9393261285059E-7 
2.124626270209528E-4 3.9862415313990645 1.7643116229912075E-5 0.0020439414640440086 4.124977629255024E-5 
1.0002860008917387 5.933806462299158E-5 7.797421202181464E-5 0.19915988075170685 4.8472484406459375E-8 
0.9521451618141853 4.338991027798898E-5 0.9415956160185374 1.0067063585023777E-4 1.180769031048903E-7 
1.5823096847806937E-4 1.2818989155489276E-11 0.9091562472775939 3.161329297129327E-5 0.8655537947651368 
0.0 0.0 1.0687050662021027 0.0 3.3796519176407046E-4 
0.0011208467012378954 2.1722860341890704 1.6810280277578167E-4 0.0 0.9999714608456309 
4.14050719006488E-4 0.7959847415676018 7.319288825848232E-5 0.0 0.9999867655412266 
0.0035287750220496534 0.0 0.0 0.0 0.9999648471544823 
5.99249218643742E-6 0.002023036991058997 1.0687712881899987 2.4832520047907404E-6 2.719203627718056E-4 
0.0 0.0 0.0 0.0 1.0 
1.000381780355195 2.1199815025222754E-4 5.334003015480074E-5 5.8827149462875166E-5 4.368586509815866E-7 
0.0012007985639451197 2.013110623154638 3.728423399171627E-4 0.0 0.9999706083700175 
1.067636271608326E-5 0.0036416752925200577 1.0686132726177515 1.0002839028006567E-5 6.643066304059735E-4 
7.918437869142664E-6 0.0035690346406262734 1.1583480258474307E-4 12.211166161294843 0.0015319181991972786 
7.361023654934403E-5 0.02743772975966727 0.9088575440703707 2.3871157274115866E-5 0.7010408392653971 
0.6183938419114855 2.2625328213835424E-5 0.6102677101959356 0.13128818613465332 0.173788708541856 
0.0033983525467951013 0.33108752787129336 5.6362687557886365E-5 0.0 0.9999648716331876 
0.6279520844841561 0.05930592100544689 0.6160581624113959 9.466804858119099E-6 0.5610799398473297 
0.003636762702490373 0.0 0.0 0.0 0.9999648046203476 
0.7208224014228629 2.9964345251777084E-5 0.7031644850941616 9.277877852554797E-5 0.6479570422279644 
0.003853285146706441 0.0 0.0 0.0 0.9999648043430708 
0.7208224011024345 3.0456544380008287E-5 0.7031633886309399 9.28018885458887E-5 0.6198961642835674 
7.361059129941942E-5 0.02723188367209947 0.9088308781810149 1.8068893500890443E-5 0.7065419572876415 
5.352425459565858E-4 0.9687880984506501 5.859023444997608E-4 0.0 0.9999807161527552 
5.778175396104806E-4 0.9242434428474752 2.765368387381574E-4 0.0 0.9999817487821748 
5.91037751839435E-4 0.8655120218300049 1.4157725117811822E-4 0.0 0.9999826689383433 
5.893671631884971E-4 0.857782278558412 1.1412746347551575E-4 0.0 0.9999832165561504 
2.0723729431090115E-4 7.192507063505027E-12 0.9091644127329891 1.6417208713448314E-5 0.7765982568907566 
5.942010503014958E-4 0.0 4.857216871441328E-4 0.0 0.99998456478321 
5.701549842332511E-4 0.0 2.4893902340187657E-4 0.0 0.9999854200407229 
5.559729028860052E-4 0.0 0.0 0.0 0.9999860760250113 
1.5084445001552918E-4 0.0 0.9091551103242075 0.0 0.8766298058288244 
5.796376150851403E-4 0.0 4.8513330513567373E-4 0.0 0.9999845757851922 
1.5419933012433986E-4 1.0090993216474254E-11 0.9091620935766475 2.6417370873920728E-5 0.8261569547377555 
9.310584400743572E-5 0.026785574202003455 0.9088059548353767 1.9309157990938973E-5 0.8847198775804904 
2.9645551303509617E-4 0.8576273098183717 5.165945656375415E-4 0.0 0.9999855110518971 
2.9629127283748314E-4 0.8771892384908697 2.893957159575918E-4 0.0 0.9999870488499778 
2.968615782546917E-4 0.9679011778651748 1.35840626148615E-4 0.0 0.9999877456883423 
1.5823106535040347E-4 1.4212956665141235E-11 0.9091514638455624 3.1453710445299465E-5 0.8711652688911496 
2.9396331230065463E-4 0.0 5.84528363039596E-4 0.0 0.9999905116984894 
2.9864346731017105E-4 0.0 2.442830919335103E-4 0.0 0.999991885301436 
2.9548300110871845E-4 0.0 1.9710105559789836E-4 0.0 0.9999920990197282 
2.976748158875497E-4 0.0 5.614661807591801E-4 0.10040444581896282 0.9999904642488879 
1.860494477870021E-4 0.8249363234216591 4.3269064937067746E-4 0.0 0.9999884082668724 
1.8960645433489657E-4 0.9223255807312234 2.3317148703589396E-4 0.0 0.9999886296504422 
1.9826671752807572E-4 0.9914331247741021 1.8216922965072518E-4 0.0 0.9999905932083535 
1.5419866930768025E-4 0.0 0.90919578645955 2.624086001140156E-5 0.7568647219087619 
1.9401268292850538E-4 0.0 5.942921763100339E-4 0.0 0.9999922119808328 
1.9631344267615272E-4 0.0 2.890747241183963E-4 0.0 0.9999938529262594 
6.267483593154495E-5 0.02726750799168528 0.9088397444096502 1.808570894428702E-5 0.7427975819181832 
1.41522964012631E-4 0.8328910967450804 4.284513012978092E-4 0.0 0.9999900443122812 
1.478737388522589E-4 0.9511046576140564 2.458417432507187E-4 0.0 0.999991821382026 
1.1710590238085062E-4 3.217260292443156E-5 0.9092605312893864 2.8385529228023025E-5 0.7708353326110262 
1.366371801525171E-4 0.0 5.537826011559421E-4 0.10882914590494083 0.9999932786304139 
1.1689083189189923E-4 0.8663617604008074 4.7886006672463537E-4 0.0 0.9999908401947325 
1.0642589021752684E-4 3.004793329110927E-4 0.909135438188897 0.014771663260773452 0.6517233219839637 
0.9026756479694936 0.0029559819535810916 0.8617130494977804 8.132644869474913E-5 1.0534884233759417E-7 
1.0003822502921649 2.2082941594305414E-4 5.169556282658706E-5 3.3191648589886505E-5 4.040607868473991E-7 
1.000378992452745 1.938548414185453E-4 5.3924206516138074E-5 9.208016713573716E-5 4.722918551666432E-7 
1.0003812973194053 1.9761900453660447E-4 5.59924138048838E-5 7.747408700844623E-5 4.4097072890237004E-7 
1.0003013874308189 9.28338317235421E-5 7.4040369549482E-5 0.09894842008070129 4.4430600689898757E-7 
0.9067058204530505 1.2434841510481362E-5 0.9062888799523413 1.2785079602276297E-4 3.226064477962357E-8 
1.0003818671297735 2.633293647497423E-4 5.6380326948753775E-5 3.4285037114979866E-5 4.529547426360644E-7 
1.0003843729304143 1.1297837574350227E-4 6.58937898392234E-5 1.5328307421002307E-4 4.09233548970644E-7 
0.9067025155565307 3.527221651085608E-6 0.8791892408074082 1.6097320651504746E-4 3.445512668724797E-8 
1.0003809524803964 1.221196867437817E-4 6.439249416124476E-5 1.5561600813852454E-4 4.619300902887914E-7 
0.905781969804481 2.3998252480013197E-6 0.8665660448746315 1.8695508714594832E-4 2.9047683585572092E-8 
1.0003615975232951 1.4180189208726912E-4 8.630673414928024E-5 0.0 2.664004205498086E-7 
1.0002866145235874 8.011087169783805E-5 7.962280896661833E-5 0.15734123273657546 0.0 
1.000345209223676 1.1631705864132857E-4 7.267953812462716E-5 0.18595696151483948 1.221710854036745E-6 
0.9034710172663819 9.434632968960878E-5 0.7908391249458051 0.005300151312410397 1.1303895612401368E-7 
1.7072189412438315E-5 0.004852167267665648 1.0686193402868498 0.0 5.440944119803217E-4 
2.138746901825924E-4 3.9865420060144094 1.6651918602837595E-5 1.3874078107723633E-4 3.675362193680186E-5 
2.23119231385691E-4 3.9863368043851053 1.6770491734494486E-5 0.0010902168061034303 3.480812673034032E-5 
1.9900370523780482E-4 3.985963802558184 1.9380547951722456E-5 0.0023477730170481568 2.8200474436822878E-5 
1.7787215503981194E-4 3.9858225667731326 1.6633202213599724E-5 0.005348709641334668 4.079933904186356E-5 
8.740040641328332E-8 2.6085759075055814E-5 1.0686465535253569 8.866106520521468E-6 5.221245809602487E-4 
0.5612130913261257 0.033218193808220706 0.5615509513351261 0.0438335733317429 0.17737869668114833 
0.7625746942642395 0.05698216156234539 0.37820770986405733 0.051107027230861544 0.6202718619780528 
1.1065995161055948E-5 0.0050092603152108745 1.6001911248219206E-4 12.083850520008081 0.0015605591582134287 
4.573758408618175E-8 2.10727230813196E-5 1.0686147758424849 1.473095990411783E-5 5.638356000080477E-4 
0.5612130913261257 0.03300106612509832 0.5615509513351261 0.04385646540163718 0.17737869668114833 
4.359200623596404E-8 2.0085711544401238E-5 1.0686173463764639 1.4711003650237817E-5 5.639366339398326E-4 
5.552155268830959E-6 0.0024147055753491855 8.04611837375863E-5 12.486408608526949 0.001343193412894481 
0.0 0.0 1.0682389140747146 0.09100375577047581 6.313752644662602E-4 
2.1929749366010026E-4 3.9865054474801243 1.6598171642836584E-5 0.0 3.2388859663020276E-5 
2.0125905658591086E-4 3.9860248724572105 1.7069236651730414E-5 0.0021999911046947517 2.8796469247105325E-5 
4.482001543636633E-8 1.7030917365306797E-5 1.0686271960961922 1.2046317714933268E-5 5.403721877985148E-4 
0.33951081930869786 0.41671989230146295 0.6996903468005538 0.5689921003845428 0.6423113946115497 
7.47083616296422E-6 0.003321713589323676 1.1385780494001246E-4 12.245111416911653 0.0013546683586049572 
1.7924067147883656E-4 3.9858207549884765 1.6636935767557336E-5 0.005596613371166376 4.145438148120482E-5 
1.0624356209985962E-6 4.3829301284474315E-4 1.0686346895519756 1.3087642953699865E-5 5.294439607772268E-4 
0.0 0.0 1.0680952738367249 0.1653891783959161 5.474328537257005E-4 
1.7410835462802467E-4 3.985743551935035 1.7502107279874206E-5 0.006772063667390569 4.2733339606241314E-5 
1.5166746689582091E-5 0.009609143809233287 1.0682845284842601 0.081186122237353 4.811772819434651E-4 
1.0003820335158802 2.501508144615882E-4 5.340155020601541E-5 2.2309518537395703E-5 4.1229601099802344E-7 
1.0003812795503595 1.6794797941994545E-4 6.110160503942248E-5 1.1512138891186559E-4 4.249359284335845E-7 
1.0003818294737878 2.273930084112007E-4 5.3510670069067006E-5 3.9127341297653984E-5 4.155063783773922E-7 
0.906702517128397 2.9053835328770687E-5 0.8794543627155992 1.6114820127057669E-4 3.323907000891032E-8 
1.000380843465689 1.6856672555228566E-4 6.296961042418644E-5 1.150772285397685E-4 4.569552445424156E-7 
1.0002877578568754 3.8288795469304295E-5 7.599167148740279E-5 0.24497899975507045 1.0204370009742575E-7 
0.9057629822982546 1.1817244420618196E-6 0.8229518489550075 2.0137422880803197E-4 3.9459665916014225E-8 
1.0002926717062763 1.023550800979139E-4 7.692921414386244E-5 0.07960289077373299 0.0 
0.9024596200482522 1.229525142861621E-4 0.5684415882588519 0.0036926530080543035 1.0393116844020674E-7 
5.0019110002253646E-6 0.0016940575308329797 1.0687954671218565 2.29221260930166E-6 2.3851028368320645E-4 
1.922529639975705E-4 3.9863515203125175 1.8377868185072787E-5 8.86843289010153E-4 3.8756791472971885E-5 
2.1176498483426942E-4 3.98614784669927 1.697930788840062E-5 0.0021160589606005263 3.689650967079074E-5 
1.7222238468924815E-4 3.9857323217050977 1.8072620390393903E-5 0.0075639301715700645 4.7995093818127316E-5 
0.0 0.0 1.068661485704376 4.4985241475153635E-6 3.068819264481137E-4 
0.0 0.0 1.0686221751023055 0.0396834462814828 2.341870445381614E-4 
2.1578002937757047E-4 3.9862198668047246 1.6884273845928402E-5 0.0021206688478855834 4.079268807836068E-5 
1.6757694751174063E-4 3.9856742311351634 1.8356469536244207E-5 0.007966002236362592 4.523508635476784E-5 
1.0921338133808152E-5 0.004468158269752045 1.4949300872397293E-4 12.091274040268301 0.0013670457991382572 
8.340042646079619E-7 2.4084833109421432E-4 1.068741505836893 0.06856017568256592 1.8918287168910532E-4 
0.9026726640791222 0.0029171311312417556 0.8731830418815181 6.453947080646555E-5 1.2800272941025224E-7 
1.0003817511467883 1.9690978704586427E-4 5.418241250917526E-5 7.798866632280917E-5 4.244930771642452E-7 
0.9057588365020072 3.247469080326572E-6 0.8380740199293134 1.8905107726773982E-4 3.617759699205599E-8 
1.0002894739913801 3.2649321814562E-5 8.516717722564564E-5 0.247013273511386 1.4114732879845962E-7 
0.9024593057028314 1.365506335078246E-4 0.6683846586043991 0.003547055509755542 8.901147953268964E-8 
2.397272275713204E-6 7.331510034294701E-4 1.0689627298284754 0.0 4.4892163926639E-5 
1.818990834465631E-4 3.9858177118666416 1.6650492437271385E-5 0.006116691283203377 4.2748575161340624E-5 
0.0 0.0 1.0686469710244881 0.0763787985774506 1.595098986719766E-4 
0.9024260571159397 2.1344208951072746E-4 0.8248021233441847 0.0035911112216278946 1.1289712817608606E-7 
1.8597167488621242E-4 3.9858544441542705 1.7184595573571546E-5 0.003231051962613773 2.2779859715150595E-5 
1.6267384135521026E-6 4.10004037751703E-4 1.0688391614740367 0.13378015907495924 7.939839508463928E-5 
2.403383523919052E-6 7.365197579028418E-4 1.0689091703445632 0.1497862901575515 7.797744052171647E-5 
1.0002902645019742 6.146812901827969E-5 5.9644485179020387E-5 0.22647884994971748 1.4378943977793274E-6 
1.0006246269749532 0.0 0.0 0.0 0.0 
0.0 4.174764655972738 0.0 0.0 0.0 
0.0 0.0 1.0758687947280625 0.0 0.0 
0.6987541789698368 2.832527692647168 1.0647474937806265 11.070056395072957 0.12396838006333363 
0.9116349898579015 2.3011107897037022E-5 0.6902578960350774 22.97785313822444 4.5497851941888796E-9 
0.1331821209477776 4.490573082518324E-6 0.8341433480028229 87.06675767464931 0.9401996822169023 
2.001439044335478E-7 1.240429009558098 0.9115907601493954 58.73442771328891 0.4202347602410596 
0.14978020989474541 0.17044251760263127 0.8170635284084297 1.0341224446670352 0.831648900318411 
0.7225689757429655 2.667765634753177 0.4071197602650725 4.737280883645423 0.6638539571901473 
0.8382820239224541 3.5692502469950487 0.16037393648388756 6.020835693891354 0.03772652912962422 
0.18446436584968415 1.139243421534346 0.7980830715645222 1.1181821387802706 0.6324953885546682 
0.09901849940869528 0.2459496700809847 0.8490129958533529 0.699852304769002 0.785223324992612 
0.3680072567652931 0.7541363997565051 0.6708759711446663 0.6990918852817851 0.6425469823968947 
0.2441187987376198 3.3453379203571183 0.5444972403711323 7.786340170743987 0.09580941929992604 
0.6795065488084295 1.0646028497516817 0.4521248113117033 6.344331329320499 0.5840149461453972 
0.6432282163480166 3.6177508782292502 0.16748996499466498 7.332864192524434 0.04297381408411838 
0.7231005528385087 0.31900973135231314 0.44893626823157906 0.28209692379104323 0.34182002677617207 
0.4361386090947963 2.106527125079872 0.6320794477994665 0.9914842948481776 0.7941923993438699 
0.26549488353170053 0.8432130612893998 0.7542292383470952 3.4050697770478844 0.6211197465528928 
0.06701016616146763 5.469083780913472E-7 0.8769720315653469 46.19238824856895 0.8368690924258737 
0.006014465037546377 4.07822018040917 0.016272892243406743 33.61562254854598 2.1074546202113542E-5 
0.2201730200738059 3.0992988496049403 0.9947822596376621 21.531211564354884 5.000061374548411E-5 
0.3921955947249559 6.315773456557965E-5 0.6521940075495276 39.79514237426077 0.9264089622435634 
0.8475220413509182 2.479023612417694 0.36329595736670395 0.0035687799064340066 0.9640660112338907 
0.3534084267823115 0.11873668717943393 0.7081897981718643 0.5369528548741739 0.14693524047104764 
0.27958377714183413 3.614070328531645 0.21012312599346666 10.526119052047582 0.1348865511727574 
0.3280114992471583 1.867189084778432 0.6972087327149449 0.014147089138037876 0.867114756366652 
0.4475729166220937 1.3868863027361031 0.8101368988555407 1.1438505341799835E-4 0.32604671577059474 
0.4401157989671384 2.000153064893594 0.6221372724211574 4.055471515708205 0.5665780790060363 
0.09270767828188811 1.4416031779246165E-5 0.8588225423369086 42.03056688109564 0.9695884826676063 
0.8695788943531318 3.471766222912397 0.44837644019392797 44.950214106820404 1.2264922574520412E-6 
0.30602848794148546 2.7329114071969713 0.7154869058637225 0.23833355381373322 0.24982446222876256 
0.4168455559216874 1.2758309543515032 0.665561988896595 2.952842663080314 0.5880546887897498 
0.7100137360120733 0.001222647254380967 0.5030386559223587 0.14525483361374109 0.20202925383792894 
0.39569749150638067 1.7254243982289372 0.6605597160728852 2.8260461089799738 0.5509750379943216 
0.023955015246049514 4.3517585358007956E-6 0.8987679853197699 41.18589762009788 0.8920110806820474 
0.9800149437974374 0.6816639333480512 0.0975288746141874 14.440523121749404 1.8484782907316642E-10 
0.10640283599477969 0.27644970017582055 0.8415848647402084 5.8940286725562485 0.532423453446172 
0.67165476391625 0.9192538165274047 0.5154214314853124 0.06246362892772133 0.8050183947800608 
0.21669298885892524 0.6015122597983898 0.7761681878999078 3.3220418258609197 0.26614786152995074 
0.24729658272666374 3.015423519319907 0.965848814845298 5.119445744579382 0.07243293086022834 
0.819429119641165 5.5680778281538345E-6 0.4395625033095482 27.44753976727689 0.7311610452888947 
0.7785234365082999 2.8840032837626874 0.4373276550298561 2.3934362617329392E-4 0.7132050896078503 
0.4031236077656344 1.3790677916697802 0.6405567311187651 0.002258245045172005 0.9095957351981451 
0.8669523237577647 3.393060428035584 0.24922814567280777 0.12174208998311363 0.28169944378677314 
0.23469816539455493 0.4152707703016546 0.771091028192497 1.6450977991097813 0.4605234902058209 
0.3170072790291107 2.5889175548071278E-6 0.732601279171074 26.504588796520206 0.8081374469950152 
0.051740192040340235 1.7525397482439733E-5 0.893019727617371 42.77576082973824 0.5960205304709688 
0.6169350388880753 1.437353741056939 0.5272138270309312 3.439625745668267 0.49515356150710543 
0.7373262322556033 1.931930488467275 0.4409538939334868 0.032625451924238796 0.6898723724611899 
0.6132434589911588 3.2606230641643035 0.5277565371729764 0.03512028074235853 0.5080895074192282 
0.9558509656031914 0.011427719084084785 0.260690069534983 25.935281939495553 8.849893458939971E-8 
0.3068547141939608 3.638219514453274 0.23412122186012005 9.424446611441704 0.12897384572013215 
0.35959213062970136 2.4453094933500905 0.7273917744880587 1.1782578923313743E-4 0.7389405880719553 
2.0843420388270348E-7 0.39788763234868013 0.9166797777442559 50.79158580945394 0.40772161602380075 
0.3800009820547094 3.832327061019864 0.0033096086379661694 0.6313469209106078 0.30734387759170895 
0.7883904066717995 2.2793147891169123E-5 0.5604811328393952 57.10881789770137 0.15517751103940275 
0.010932393967223415 3.135441506208283 1.0121460113029508 85.42235693216674 6.346891831238156E-6 
0.19332642956203488 3.035852270836335 0.8895046558053608 82.89979439454868 2.296973852335355E-4 
0.1570383194829837 9.045823680012613E-6 0.8205086665606656 88.9611860023786 0.3008729212553853 
0.29456246565158184 3.6653433784632177 0.30346380287906466 29.376934962502865 1.7073259828562468E-5 
0.42312854212081685 1.1855972757854316 0.6609743440505083 2.5741409573550817 0.6802901119503818 
0.2959286037290065 3.635499885417165 0.24066211753807581 10.260206144238463 0.11629990977426234 
0.31135094055286683 1.8197422872853681 0.7149473610391227 0.018442161388573016 0.3642828923847689 
0.6256525104701586 1.566902389788653E-4 0.5541219862209076 38.9816007002673 0.33934254483640863 
0.2251820755043599 1.0240293041874722E-6 0.7947580775982016 48.04648772839213 0.21539994954557123 
0.4316873836826518 1.5254766571914342 0.6432909344726514 0.05433094065212941 0.5301118015238873 
0.5076884570956894 1.2527120095366784E-5 0.6093904731429962 80.18607156485224 0.8453095638569076 
0.9147710667091373 8.124578964813497E-4 0.3532075710766862 36.28186323528904 0.722370883409205 
0.4930339300961313 4.2870695427157146E-7 0.6126656790441136 37.835071034439856 0.6900334315975015 
4.856239855349275E-6 3.80616563574773 0.2896917992937209 35.63426141205459 0.006334454366637941 
0.861060900502878 3.3643055979610477 0.3236090220456895 0.3441825196563512 0.23765163972055653 
0.8265271635703832 1.5958554449010671 0.759935124431715 68.99563427857014 9.1780738905771E-9 
0.8861961746138195 3.2295629983014478 0.47883715335511834 70.47531494438122 8.215654146796974E-5 
1.5946545577187058E-5 4.012475929214819 0.019354724997743232 0.39739639250593595 0.18023913603526348 
0.20145440124344563 5.710368637572271E-5 0.7897049934817272 94.93039559971591 0.2700789981708146 
0.210657160789284 2.1445198105691716 0.7830100122288166 3.171514658196468E-5 0.9038059423234547 
1.9632078312712727E-8 3.1770881687283152 0.7170539856460153 38.45118823599458 0.015531709682901018 
0.4900258568946959 2.283294540777441 0.5830786862925161 0.003230362337316896 0.8542491473899783 
0.7490056136582091 1.7297791220990684E-5 0.540500609182259 55.41055301974579 0.2078054600582053 
0.9503762013039261 0.9104431731705981 0.27078572414896496 15.761235373542895 3.3852481230114804E-9 
0.6243802811989008 1.747986289691103 0.5164963229012589 0.0656840295361772 0.7507245176550307 
0.55624318300991 2.998355348252133 0.5889646340436493 4.4827919466593723E-4 0.16386843952976143 
0.42473892504311517 1.978983696822118 0.6506817077991405 0.10953365791377381 0.5041693892692413 
0.7929652963081648 0.07393098730516444 0.39739323980377694 3.1901974138940985 0.31572130503485435 
0.9605435126185601 0.0043225455435227265 0.3637152453738354 17.115285804220385 3.1481342486177908E-9 
0.18956815250003567 3.110766718792322 0.999750219739299 20.811266185099374 5.6853926208471836E-5 
0.9760194553805289 1.03850150236834 0.07079782153544104 12.825402511103352 8.594730357435893E-8 
0.38832422043787335 2.5784116952109737 0.7179708103927818 2.5715042931655034E-4 0.22788735826151824 
0.5046771807187076 0.5107405258595796 0.5838528301827854 0.7872877176515105 0.6043999618657775 
0.13856953166841107 1.9191711814617254 0.8250081898297074 0.39524074937830966 0.6655604107732055 
0.7623011310653702 3.6643214009077822 0.03819348829439964 0.5413185622871578 0.05003487782443062 
0.8508715451465451 2.364149396658384E-5 0.37496440904585693 50.29150533603533 0.4158873456861084 
0.5342463863803111 2.3224156350876 0.5825795459320312 0.0031797138040840687 0.4310944599244232 
0.15875004102117551 3.974689628590885 0.17667188727295077 55.25750105896127 7.901371856135543E-5 
0.5765358625165411 2.9722212661347354 1.0429623718103291 36.25343147704377 7.4345908574242755E-6 
0.9432507825540237 0.6325074852199362 0.3460032748631894 0.7753618761396588 0.6244541536706193 
0.6783649384191686 3.435688826791781 0.3143192124279344 4.541920738753078 0.10197142585097912 
0.013303009154108937 5.89013746269711E-7 0.9071244298938466 78.65230932819783 0.18969425680306284 
0.8029335159499569 0.06685905003597271 0.3473069408325249 3.670931944186191 0.48664511288458706 
0.17200103176696122 0.7281345132859648 0.8157774290589772 1.3705321849136316 0.571130332519675 
0.4994908213149 1.3259538116646965 0.6001584246814903 0.35053662147345577 0.16698129019210547 
0.1334584118766277 2.6129218453520195 0.8293946896510327 0.5188372619375856 0.5721223886938943 
0.9771505030779988 2.1568709562815878 0.10487082960151199 15.927155507550719 4.805908017940435E-9 
0.472295172948377 0.4794923038095304 0.6045989645163429 3.1125852736313164 0.7069999746931327 
0.313788666928065 1.853810191312798E-5 0.7291882624154085 67.7938142539817 0.37045210185251193 
1.6848808777688166E-8 3.771769188599641 0.3920167847062782 30.75592679336111 0.2571549848316074 
0.4766260462828635 1.7696495638524081 0.5941666140908053 0.0031028251549756873 0.4302485872699075 
0.5266852436235555 2.5287269181298226 0.58548693476793 0.06674922489400961 0.4478190670977721 
0.9800931028876595 0.7104340543327199 0.08062244021465571 12.700313559220634 1.5062798648931294E-10 
0.7961894149829244 3.405642711039161 0.28211602887626624 4.714577953478595 0.07519212625484345 
0.0268608811786356 0.06512681155901813 0.8978052900822953 0.003833547577677152 0.7684692793276433 
0.5665059093990266 1.3548534919284365 0.6336710561582432 4.2753536235180063E-4 0.16603622807394625 
0.20629708464580412 2.333524917619009 0.7972902452403631 0.00289629425077508 0.48012424547546917 
0.937727994488169 8.270254687226561E-4 0.342542937437477 52.94490837664915 0.5950918651749291 
0.9224402496069344 0.004927329218149866 0.3077884983448161 18.063512184608083 6.330152995029822E-10 
0.8803406785603523 0.026028802130844735 0.35735762219959993 0.0029274820163350842 0.21888024764863764 
2.1628891086463903E-4 3.1458822631562864 0.932387559422614 33.732275984918644 0.0011720714554534556 
0.8106678472409682 3.7045942223111767 0.07212608185024554 0.20082548023785712 3.243367199204423E-4 
0.7729486322682493 0.0 0.46515531295621115 0.008619185079465323 0.5187095632570219 
0.523123427532238 7.432800176995598E-4 0.5775661157043447 1.8491282877398882 0.8958368648994347 
0.9563478553886099 0.9587117125673257 0.30822940132863635 0.01592531243690821 3.5639143929650387E-9 
0.4820446195209292 0.48081268291964824 0.5935265927445188 2.076885092664046 0.5760457219653625 
0.3236949630577656 3.05810924602282 0.935686995784286 70.52524633648618 2.894692424103475E-5 
0.04142995093967835 0.4350480526632509 0.8910385593177069 0.067176711817962 0.8585511522727451 
0.2918889383357518 3.074984941725183 0.8871979271060987 38.650007410072774 1.8935605620616577E-6 
0.00412523109552051 3.209447891539322 0.8735591832419247 38.9970121461154 2.246400286381871E-6 
0.15863807097913837 9.649981707444083E-6 0.8171238258755049 67.95063537963793 0.4782755556286004 
0.9915279112728517 0.007291007377327231 0.11648599573771436 0.13166113068894952 2.6659561190936407E-7 
1.0004381985115722 0.0 2.922237388547751E-5 0.0 0.0 
7.379086148618995E-8 2.8243242538904088E-5 1.0688114514939546 0.0 1.2212176420077587E-4 
0.4770056282202316 0.015542973874760462 0.5983189262426836 6.718237452773748 0.5342294091203732 
0.2081564536591267 0.07292399626543707 0.7898917185785375 2.3550653151071055 0.13135124178153615 
5.950454545132042E-4 3.741654362627307E-5 0.9199824791634644 1.6634065058402752 0.13982538871254932 
0.03630422142236063 6.263252807222418E-6 0.9026875947999174 0.8720110488460961 0.15126066637312172 
0.0 0.0 1.069000413337275 0.48445031732449306 8.965363188371583E-5 
0.49969786814565487 1.4213277931884132 0.5857524938718834 5.82935142700534 0.25399989311722865 
0.21940401097869772 0.4646239749158189 0.789258331641171 1.7767705498636794 0.15272368514569243 
0.06620758994338576 0.4354122177971062 0.8804457271501055 1.3717857508332407 0.14814197836694012 
0.10771253380953932 0.2952932750181788 0.8630611506268563 0.5512299015523016 0.13894918742910145 
0.6556274801514556 1.6705744447756514 0.5335992614647656 3.5097509890566734 0.2714165271066185 
0.22822892147876955 1.0928756370520827 0.7812916182144313 1.5594066477071196 0.17100010359960627 
3.741427646792966E-6 0.5400225096789353 0.9180648611245836 0.3111802806006122 0.14835299722513207 
0.02891669223454359 0.5232006016288687 1.0743616202710744 0.002686653958137861 3.223842743341313E-8 
0.0 4.062244809240991 0.11636640710900413 4.03927820895289 8.753650072908244E-4 
0.21499171125307023 1.4713143998084612 0.7955163043498448 0.8698442419524585 0.13517071668794 
0.07327838476494272 1.125671885086198 0.8744172619500533 0.45445390308109235 0.1473032458290755 
0.006637555215938437 0.8158469239713233 0.9080361674906091 0.03700974075345792 0.14993557031710014 
0.13234307182845084 3.912929319037557 0.09888072350608969 1.93776974994248 0.04316800372718621 
0.13719062882088573 1.3741561616533613 0.8287928634157425 0.004169826046817184 0.1368895752682429 
1.3300301456096403E-4 4.024860046260996 0.04824399636776132 0.7854901921170901 1.6092170672113649E-4 
0.00394833484896377 3.286897625486602 0.6952920019721056 0.0030668223209673676 2.4015203018034733E-4 
0.9945040964228178 0.02359866089657112 0.11303458165634503 3.138398140901074 3.919844007085833E-10 
0.4998615206682075 0.01143901009598565 0.5977845208320458 1.8031829194535018 0.1487887727729766 
0.37322854885284734 2.043535381877991E-6 0.7107939271712925 0.9063286883212638 0.1438228443477953 
0.3013276263675241 3.705803573642562E-5 0.7504495841164677 0.5008312380532925 0.1322712767014753 
0.20632156816420588 0.002129866719265079 0.8346099542746686 0.21343027779678414 0.12855957200424406 
0.4866742702082762 0.4698817276774819 0.5910049709891692 1.3229656837461625 0.14544533033778945 
0.31713468282787083 0.2803206239066062 0.7115952308568873 0.7058654539974571 0.14434194299191022 
0.2817318096661544 0.2392155416805435 0.7658132142511512 0.20940785641612442 0.1332739203700913 
0.24434217050712573 0.1608881329503696 0.845697284470061 0.002755136781569097 0.13511303231550564 
0.9969149086174229 1.6896925886821765 0.03351721523674354 1.9701261097543987 1.910642637371748E-9 
0.24385186513092297 0.5102043608839557 0.7828858732633605 0.001516259319094676 0.1357692709813101 
0.9965750864445835 1.91112046568293 0.04079559559968622 1.2016192557200112 2.857881361089035E-9 
0.4913300380266895 1.28544534928902 0.6003075039524162 0.4262800680877347 0.15357572685072376 
0.33056460399352494 1.0043414248896048 0.728310117548253 0.008481586388424504 0.15424627737858737 
0.9407773870806977 3.7096819652615487 0.03440525485369077 0.8610624970820632 1.1471861004361164E-4 
0.5400409567280869 1.7223921168513951 0.6024894126112962 4.663104638945051E-4 0.16178938488711223 
0.764588654047675 3.8397353671863916 1.7784108532802257E-4 1.1793245783245218E-8 5.341060918554957E-5 
0.9029004650259843 0.004774932185769451 0.5242093993331164 1.1458927848784088 7.032284551819137E-9 
0.6019850459788522 0.003993860662543688 0.5701291190879748 0.5286966987437268 0.1563301162703925 
0.3949503250800264 4.65248174767113E-5 0.692974332062068 0.15881992088907973 0.1317386336903989 
0.38257277595597206 0.020753851467000817 0.8203722474602455 0.004830329425802129 0.13535385581577555 
0.6447403450759273 0.337875468851911 0.6558372169052191 0.3276544230663861 0.1396782811026352 
0.48428528408538135 0.21163986271393842 0.7596293068024885 0.004684218523015899 0.13895745303283927 
0.585435053963177 0.6184958943067945 0.6464248320293484 0.003455603044360612 0.1488634501771862 
0.8991556720008156 1.2259096430191054 0.36982146246151515 0.004494103508787889 0.16199674626907778 
0.9964652280012637 1.9341700498855898 0.03292589892566545 0.0033687213836606123 5.565423981041183E-9 
0.9614984146342824 9.068713364843305E-5 0.3040235079070603 0.6339600234077439 9.413136101718442E-6 
0.9568549403267332 0.014241038718214801 0.6384219216635992 0.30789080332572183 1.7557866128502493E-9 
0.9067058204530505 1.2512498880076748E-5 0.9062888799523413 1.278371287776896E-4 3.226064477962357E-8 
0.9028356682615124 0.14924000322853848 0.6390334609121135 1.3993134281508094E-4 3.8630625870269796E-9 
0.9965703348135122 0.6486400724868374 0.04797524628872897 0.36267854322217663 2.0248816043155165E-9 
0.9565970291413409 0.58684519630369 0.27288301662639614 9.557792184750952E-4 3.185762297822318E-9 
1.000328731530022 1.0094591667652622 0.22881175219720062 7.753092395143905E-4 3.185762297822318E-9 
1.0003097839562232 0.0 9.23396616081833E-5 0.47889749782238733 6.865326069487209E-7 
0.9733240648407733 1.0631436714914428E-4 0.22580657092866707 0.24756303569919388 9.249170392351806E-6 
0.9029355518809624 0.00202694010049454 0.4540403956498492 5.92794853461992E-5 4.057468703092952E-9 
0.9934062098917785 0.003173540631464994 0.20148724215841368 0.0018107932660704838 1.7182169666443257E-7 
0.9999011910814958 0.18958040103694454 0.03523150515116754 0.003188887246648458 9.10883571069291E-10 
0.21916210833736938 2.5280906375096186E-4 0.7790550947303501 1.8719906478712665 0.47326756350362525 
9.880634661993828E-5 9.8540033386295E-7 0.9178146704357882 1.3612345611518317 0.4442227707005813 
4.900179343730463E-4 3.736156053987075E-8 0.9356546142838355 0.24197940866531692 0.18467201986077356 
1.1469213770474225E-4 3.840866633702828E-4 0.9105932544575094 7.972451708393411E-4 0.1808665984040556 
0.09210702727805076 0.34725883617381764 0.8664350346815551 0.6292768734129743 0.3875567358034849 
3.558193912303793E-4 0.2543689838562015 0.966404548683689 1.6703769887423445E-5 0.2389227508826421 
3.0535858807356044E-6 0.8698650345312706 0.9122893822915322 0.45665363954204524 0.4153311540384951 
1.8148006442353657E-7 2.3869474386234724 0.004940371798560793 1.5737347812610452 0.9999762027077245 
6.372537904668205E-8 1.4089081489100816 0.916193321142372 0.035682764169956284 0.47376866384200084 
4.045025178886823E-5 3.7970360524636373 0.004814269719721819 0.9007599128814869 0.999972515598087 
0.21893590037644753 1.9776878227066665 0.7921817272333379 0.003192888103718548 0.4736676534851694 
0.0011200195772441835 3.4193036790606275 6.302286852640094E-4 0.0 0.99996821960147 
0.5016498747564985 0.0018406320634379552 0.5805169128272377 1.2939420751466597 0.2511909803497111 
0.3482321859119758 3.458249569250608E-6 0.7200287783193204 0.7041696645870991 0.3362398220113344 
0.2539553006193816 0.009222717756308287 0.7696275614280779 0.2604626587008763 0.2385880892908865 
0.21002629043166457 6.960661744287253E-4 0.8183578525946825 0.007308420282858455 0.202456480890328 
0.6892490513821832 0.7256656680188589 0.4588469069568172 2.0449910025155806 0.6247113541248605 
0.3259403221750281 0.33933177937003234 0.7078638823422766 0.2815177710179046 0.146828385535151 
0.26469645015998755 0.2279890020723704 0.7891979384590493 5.773581081507325E-4 0.2609944661344071 
0.36467722780353484 0.691549598501867 0.7172752188650683 1.1421256313323363E-4 0.326566063218989 
0.5253777347042534 1.6464536074897203 0.5918565079099294 1.765681343793643E-4 0.5290253565934064 
0.9234934005848623 2.2666015740413368 0.3447047828999159 0.003275931569416354 0.42203093748095516 
0.8888547797214281 0.07684388445453841 0.34727342795211563 1.453993994242328 0.6503399230403905 
0.8630792385312148 0.0035965906256242427 0.3848680986250624 0.805676792730307 0.4364600077560159 
0.5905467985131077 4.67934774537077E-5 0.6014441985245131 0.3182827591750773 0.2423264252467361 
0.9335341327162662 1.0183891307568416 0.47516849693790764 8.710080251034513E-6 0.4115488598450958 
0.8430271627185187 2.5936851093962465E-4 0.40459592121004156 0.2541972864898087 0.15043916111829717 
0.7103446084806201 0.009148694620315551 0.46568578544828765 3.363078580853287E-5 0.2371044683155482 
0.7819442314634825 0.1426094466166515 0.35132687697494286 0.009533871052248812 0.21533911429116934 
0.8653334655426208 0.019169941325599123 0.3570454279651699 0.007454133732023279 0.21887972142500028 
0.0 0.0 0.0071303400848482645 1.8908459943020188 0.9999743320632956 
0.1467383982935038 0.017138432656171387 0.8210265031290094 1.488467722827197 0.9054540095773764 
3.565811942182275E-5 8.593817099721688E-8 0.915485013674565 0.9035968135107656 0.8371603344524492 
0.003673901121506566 1.1548211841825719E-7 0.9120369717907978 8.225850923577683E-4 0.4449603671168768 
4.9618045395767954E-5 0.4162014508694559 5.890163894328095E-7 1.4598512714084906 0.9999982540637041 
0.0012976870473794702 0.9391709430816654 3.370964784498613E-5 0.8943343723738458 0.9999831602053363 
0.21308994190486366 0.9631820578844948 0.7822451752233105 0.472848896292833 0.9062385566180925 
8.210704266721894E-4 1.061714452235308 1.1191799795147093E-5 0.35578367270873806 0.9999819078397177 
0.1712989488212365 1.3447212723475237 0.8049305410565043 0.010353595837869402 0.8615563357957301 
0.0014203304213167632 1.9868892710816828 5.193003440270732E-4 0.0 0.9999689251094129 
0.24941281655306094 8.955277744486989E-4 0.7838669602260075 0.006866686290303168 0.4628651215677009 
0.36566963669426683 0.39884168646637685 0.7006492705740616 8.282076997435137E-6 0.6409098248198823 
0.5602195102895189 0.9138221995508091 0.5878035552409691 2.121862235051439E-5 0.932186886397252 
0.7998909885918671 8.43463606088438E-7 0.45145909407112 0.39651510696252873 0.7768354360071281 
0.5615084136429411 0.0 0.591542044885183 0.01008396019466356 0.5480406652271704 
0.9379818688176895 0.005773233108310829 0.3513131555812021 0.010322800127543216 0.6484974784523996 
1.847453509704504E-4 0.0 9.131011897382652E-5 1.0000417164873794 0.9999961735760056 
1.1280968073026923E-4 1.0479137809901995E-4 0.9092021115671717 0.003681417859772773 0.9130655044112713 
1.8731611653434834E-4 0.29402579380278654 0.0014222041137575343 0.6699871760822679 0.999989210223289 
0.13491850015659715 0.26009879216091664 0.8276783871429915 3.9333604232345E-4 0.9224444304771269 
7.151188537979086E-5 0.5337120330563219 8.591031728580991E-7 0.2243263485883498 0.9999982565770869 
1.977578161608865E-4 0.996992236806906 1.739585046504425E-4 0.0 0.9999913548120005 
0.3438603220353705 0.025747071889851994 0.7058896369630608 0.004332468634891505 0.9579791131100198 
0.7204258167391228 6.19895466107487E-4 0.4423709565153677 0.015374832613218928 0.9783841172785143 
3.5326285820208667E-4 0.24865637426585685 0.0011522746067603026 0.25211967097403376 0.9999892323456491 
1.3173266989181822E-4 0.5001523572143017 1.1089739761384592E-4 0.0 0.9999938300189163 
1.9707299390082388E-4 0.0 1.0061019700802053E-4 0.1918389218218216 0.9999961739041737 
5.492941182618615E-5 0.20021634969611932 3.3456857115249604E-5 0.0 0.999998338788302 
0.0028843803931930517 0.0 4.221047983526277E-4 0.0 0.9999647023467382 
0.9940363227802311 0.04049000896965154 0.04895364601971134 0.013177427633428633 2.574607610005501E-7 
0.9983095131308135 0.010437113343725433 0.023769827813732613 0.025359346385515857 4.298942156526402E-9 
0.9991030549726847 0.01080677680349018 0.015330433368738027 0.032864840993347036 4.469797905111146E-9 
1.0000541662074505 0.003421988695313681 0.018732715625346848 0.0015724938373172027 1.7635420016143708E-10 
0.9917585820375665 0.0014809839745221303 0.09991459516493918 0.0035733628242326032 1.0537949958648314E-5 
0.9977027797268564 0.1554538676948356 0.02348054897737563 7.913625489339754E-5 3.8169846189179014E-9 
0.9571460826802357 0.009549655247966398 0.23376299594147598 0.0759020160532947 9.314316185437196E-8 
0.00309192876220258 0.0 8.015129210507496E-4 0.3047089496795268 0.999964683796666 
0.9552238530204128 0.008430484990604113 0.30939198704860776 0.003724438040210568 2.317594901223285E-8 
0.7641132776169668 0.12647409091125467 0.38952885145062804 0.008142933987970726 0.44438499548197546 
0.7875196285691457 0.0026236625549693336 0.4013165764178082 0.09622833345050001 0.16438724287124437 
0.9027992189178837 0.0023260014313457675 0.41852391470994726 6.665614729750942E-5 8.448762755290036E-8 
0.9026772609097704 0.002720840319834662 0.43039203811670723 0.029794364005755185 1.0616068807003925E-7 
0.7405827662038543 4.437273263520219E-6 0.4664138878526887 3.259481461684625E-5 0.22963957316331854 
0.9024190185337269 0.011618808015645136 0.5331031053582835 0.24831509908097568 5.384392597937037E-6 
0.5375147452557187 0.018333363704742478 0.5725348057905932 0.011645299072966952 0.41799876376199646 
0.5696018636826871 0.0326747732134811 0.573133764240357 0.004415507463310735 0.25834796131196486 
0.5370159448172243 0.008309543230434976 0.5795469701157615 0.009343647618367416 0.4845907196746474 
0.5150965803488343 0.002927781278959948 0.592767301690391 1.0062194436511295E-4 0.2663587367641452 
0.4242573190416411 1.1834178423997897E-4 0.6666354688988276 0.0025837802546667724 0.17635910978771155 
0.8981760377262686 0.03519704776192661 0.6699880081046525 0.005637841701778535 5.8238701715284695E-9 
0.35782098471687296 0.0014180912998236993 0.6827292545265717 0.06356469440085569 0.2192367674251069 
0.89709368225287 0.15938762822368188 0.6838799654152716 0.011020419887392396 1.727347705608969E-7 
0.3269235388516255 1.0833505773631258E-5 0.7062960800168242 0.0012806719458556502 0.43051835788092746 
0.3415036330227895 0.2622709706655672 0.7122631505302547 0.0052884728187811035 0.1454212338983159 
0.25314814669414637 0.01841229530892843 0.7679048865672452 0.0012129481689684288 0.17584032647323128 
0.254612965620326 0.00497633988067261 0.7849928384709803 8.412836905782357E-4 0.3666141897109832 
0.22713916088530553 0.004912908916820494 0.7854912779419098 0.001343063969546602 0.17702580916766214 
0.8988092618060547 0.001897549539657721 0.7902865530044437 0.027509327098734583 9.902805130953296E-8 
0.9969225197293707 0.053728083844357725 0.024546349976664838 0.8029658813200661 3.5685258422551263E-9 
0.16385400886631224 0.008939862216215785 0.8325921071902694 0.0029798710032216146 0.1342871051584652 
0.9020334061598685 0.0028305544950978597 0.8798221219579703 2.2586098730009079E-4 2.682627649689173E-8 
0.042808391379552474 0.040446077783645666 0.890579490544367 0.0012437769707943013 0.3106177584950068 
0.024894312377419174 9.951931448729233E-6 0.8937582719792874 0.6315302968776346 0.7942999658841089 
0.024754121316958224 0.004930957171627058 0.8939908383458453 0.3854704845782373 0.7360856504777064 
0.026393366469867122 0.05879036668878622 0.8979743242194489 0.0410483698363308 0.1876865327683179 
0.016977356392684818 0.01544851304199681 0.898086686086596 0.009425834771767292 0.8366322497274817 
0.025088859621784827 0.014087304129161957 0.8985713758909869 0.35694384611266794 0.30625161508610876 
0.022821658258182335 0.005809794901696437 0.8989408427350629 0.0011016878568357934 0.3031838337033069 
0.016941509036988097 0.03255948158122524 0.8997630069029506 0.024153330764430218 0.2525011373810862 
0.016379262146395925 0.005052509203057359 0.9021710303857143 0.2869870679260209 0.3495933768398572 
0.0067729645545610735 0.002122491975030137 0.9052252982804037 0.010554354979287115 0.40993155393353337 
0.00938132855754326 0.009526240079263809 0.9070073686612882 0.011119790442433898 0.2505099092404038 
0.0023110513399979132 0.015524815196571371 0.9071161185734687 0.005326491237054701 0.19773724662720482 
0.005102977961649378 0.01141021621824344 0.909122275775211 0.0014950996745068323 0.19825385579616248 
0.9021227911670672 0.011950050292527683 0.4391034006446446 1.022066901659504 3.596008073333007E-9 
0.0 0.0 1.0680115505234558 0.0 0.0010227023014578213 
0.9975701448661879 1.0750337116404762 0.027074656081493554 0.0026927918135152577 6.158995805014044E-8 
0.0033263705269081594 1.3623496719555133 4.3915794259967905E-4 0.0 0.9999646461345536 
0.039624496570290664 1.7781901151120616 0.8905715929613801 3.0233097271010735E-4 0.5386532475464202 
2.929906164293626E-4 3.1460357372886443 0.6856423027149654 0.3287566341168095 0.002262212808921631 
0.017937154621669622 3.176603476919482 0.8044413605642333 0.018093328555494597 1.3581834638398926E-4 
0.0010050901769255887 3.6678885758673223 0.4493983124935528 0.0029654641666594446 5.56118080083563E-6 
0.415150820457076 3.779825246506686 8.826665380368582E-5 0.0010614382119591957 0.1344870091547319 
1.4244383786474842E-6 3.8815115585130617 0.017040197560155613 0.058690190117054786 0.3596967091177696 
0.43933798689414477 3.8943136316234597 7.600793773481372E-5 7.518545318522485E-4 0.0076723315381347235 
0.0030727509427411997 3.940650024058781 0.02350798279311973 1.0149588741690364E-4 0.17182182500800552 
0.0033359986689613817 3.9481737221727053 0.08978570630058155 0.6362797308832835 0.043176241673738944 
0.03131864303207402 3.9825979911394795 2.0884463049559954E-5 0.0 4.9361247642129693E-5 
0.9940375485082293 0.041288917402070004 0.057080130025159756 0.00188017515723286 2.1433467407576607E-7 
0.9996425744666503 0.005695744648604382 0.018407251190674254 0.1497543286908116 8.263996776088508E-8 
0.9610530477598075 0.002271030169947764 0.22276409487114568 7.953185177832583E-4 5.412855543996625E-6 
0.9572537420155152 0.007946194129719695 0.2709128970081783 0.01302152414627728 1.497065965893755E-7 
0.787215593755333 0.1329108886519652 0.356257982645812 0.009634353017260183 0.31743390682692657 
0.9026774840987073 0.0027608793121060514 0.42610851274549527 0.02907833781023784 1.0294141541159266E-7 
0.9563417421772621 0.4367143757326759 0.2837922394218611 8.210390447986858E-4 3.9572101489539105E-9 
0.7247765753666383 6.219598964481182E-4 0.4422576679509091 0.012800479490620733 0.252876925369264 
0.5323928823707614 0.0352270873677985 0.574836091094427 0.0036760555313965215 0.29292294881324293 
0.590569089502904 0.005912434222786005 0.601538998185721 0.0026895579115241725 0.2538365631951794 
0.902410985330879 0.0025918641666412066 0.6998806806323493 8.833271931040598E-5 4.157238449387936E-9 
0.32836193645015377 0.026857227317863698 0.7077155760003958 0.007463153753861244 0.4155266447051748 
0.31879031348249764 0.01856860136234123 0.7157416062941883 0.001205157552173333 0.32342233389820124 
0.2616547232592911 0.10383309897810984 0.7841467913813912 0.0015444490899143638 0.13784249147286948 
0.256780622645041 0.003218239097667712 0.787714969610252 0.0037120329703424887 0.25479377581319246 
0.16053461545893577 3.0245843855987392E-5 0.8347378175541655 0.01077822707651145 0.15126019721536793 
0.03502707341009285 5.696250946287069E-4 0.8919476478260957 0.5600450982490853 0.8055145947664543 
0.01949592194439025 0.0793066867519933 0.8982157303481957 0.06346835918844215 0.2464089423753029 
0.011190973884487662 0.07214398228281807 0.9082636953279034 9.743364382768804E-5 0.1395222599655125 
0.007008262651787318 4.81358904088343E-7 0.9094668553762822 0.007896616979929527 0.21315448499433085 
1.2817333433131077E-4 3.680926866391678E-4 0.9107731890757093 8.371257895505268E-4 0.17795866184243375 
1.6977010893200672E-5 0.004773870345240202 1.0683505067614534 0.0 5.446018674039238E-4 
2.7530348914104116E-4 3.1489107760555797 1.0100393859186063 0.34483096510079514 0.001998157315159642 
0.001090597473969471 3.151560997294055 0.7563700905153637 0.23545399766758807 0.0021854360018266736 
0.003682903396645768 3.30416727795361 0.7846015548303625 0.013038612287163857 0.006247929698385821 
0.8728634638933392 3.74749784868826 0.001048399745912187 0.34774436811212023 1.0519787377877463E-4 
0.3904513170325515 3.7798481201467493 7.989507439893794E-5 9.854491628918905E-4 0.17694881601041074 
0.04554690295166067 3.8959628540475593 0.009975399984305489 0.06811992470618833 0.3356662480037668 
0.44347217170158565 3.9113782672033888 9.293344159789635E-5 6.836502308020231E-4 5.340597312055096E-5 
3.0469523781372803E-4 3.943044967087583 2.5452278736928056E-5 0.001973354950132834 0.21320911621139885 
0.9742534827658474 0.07032771479816487 0.17770864763381203 8.218431867343974E-4 9.258630685933302E-6 
0.9907512205957246 0.00501128244643691 0.24167193758298353 3.97634282696771E-5 3.2796201945076155E-7 
0.9598692309698156 0.0022209792233795003 0.3127712587357579 0.001158766224155472 1.1742716528529197E-7 
0.8253243571315586 0.02695888972456568 0.3744723713219255 0.012084315296797841 0.19363692115937806 
0.9960416755193688 0.004417568727777046 0.0388004556528723 0.38920181633025863 9.676112995351554E-6 
0.7977610764523636 5.7795347142218804E-5 0.41560762746224944 0.22953871674515922 0.14580975520536973 
0.763742975548915 0.0109662433112898 0.4652743066114348 3.508134333459336E-5 0.23174556785784856 
0.9024596278759063 1.2754437980373075E-4 0.5588037394882711 0.0035919565108967666 8.27842069112374E-8 
0.535538241463829 0.010245990956511549 0.5713303090983135 0.529243912304277 0.25113053400865043 
0.5845000519022121 0.0011063191075618393 0.6073535807971993 5.306504947284818E-4 0.29893069299650915 
0.8997408742297783 0.6464730039438267 0.5233466836350678 0.015981305232067596 3.161472170299488E-9 
0.5416423512870638 1.1256645099646716E-4 0.5712285617975087 0.6640065896896893 0.3306251766818827 
0.4474110360340606 0.007933257888036095 0.668792428526186 0.005751291362613313 0.14722700869639907 
0.3273929986179731 2.6748617892689245E-4 0.7101957260068046 0.001342578385537561 0.36948556923256665 
0.3634531958448723 2.153281347314449E-4 0.7188703300293762 2.975395889304988E-4 0.2355019900124921 
0.22182755530103915 1.0705691238001247E-5 0.7917654076730386 0.003619214954558654 0.26126075112902325 
0.9992112398974838 0.0075821115411970836 0.026788220379127935 0.8674298640066035 3.9340030808015905E-9 
0.019644874107571507 0.025576400979165678 0.9012584685015576 0.36237874062593123 0.39240039276349686 
0.007820904418318644 0.8385108392616282 0.9014391186640408 0.014836089790128765 0.3100086679188694 
1.2642911113997123E-4 1.4840401476064044E-7 0.9066648808231107 0.0 0.8053394334016192 
0.005571851356925538 0.060847012233378295 0.9074901010599428 0.004322958614398912 0.26464083692666196 
0.004531700559817406 1.0700119139176584E-4 0.9077400314682874 2.668817510314736E-4 0.24924254388845102 
2.739899753774999E-4 0.002471608876653401 0.9098883776279284 0.004828996873626057 0.2238085088616778 
8.294856296639876E-5 9.90720388094278E-5 0.9111893437850915 0.001083585421104953 0.17021473235063742 
0.0 0.0 1.068137877448636 0.1360337621431525 4.543929024390603E-4 
0.0 0.0 1.0685440708001004 0.0 6.675553852269154E-4 
3.116076559737358E-4 3.172385009431397 0.6739434061461942 0.2468665009160908 2.618602760935857E-5 
0.0011892179582126139 3.453978028774805 0.7545915597680464 0.005920670745568341 4.946516748236597E-5 
0.937605738879921 3.7260271582744258 0.05735327156911886 0.003693228642302343 1.1868776270037348E-4 
0.8900561259451509 3.753945852704154 9.746237133746572E-4 0.2412734077859891 8.823498888792434E-5 
0.5310880841049118 3.9165009507698265 0.029470617251888025 5.888828925807164E-4 4.722075483000753E-5 
0.004163708764199825 3.9171902918961754 0.012372179378605975 0.059816744217404044 0.34726929337633566 
0.004298654967987635 3.971735857001638 0.0060706018681878715 7.397914290473301E-5 0.23071072756850192 
1.1007579632640589E-5 0.004753397389514498 1.6166620343080034E-4 12.08393896506289 0.0014622189744088662 
0.993028759346839 0.0030128429524458183 0.17241511399309936 0.0019206712915400463 4.94002425307975E-9 
0.8378100399864128 0.012174644057621134 0.3491479677994562 0.045298986747187214 0.6421664376648507 
0.8555419148144451 0.012692012383305206 0.3654572396770979 0.012134464174698741 0.16299450635743007 
0.902677509380999 0.0027629311486269885 0.4245680445779921 0.029023371696317583 1.060662810902115E-7 
0.7658425274770115 0.00841726238897892 0.4726104891411997 3.8739358427619707E-4 0.22743643359026522 
0.9024596357037014 1.345365113851583E-4 0.5536694100831712 0.0035090439288918223 7.860163123159878E-8 
0.9985646537369839 0.030788862495157138 0.02151929392725571 0.666742396422741 5.212879190888369E-8 
0.31551323002156023 3.3269993657847733E-6 0.7132076664721492 0.014443335271222175 0.5019318967804914 
0.33144449958318783 3.591811177535128E-6 0.7218429502238755 0.656046013523775 0.3273774848898283 
0.3545583837386588 0.011050599777681771 0.7303332078902922 2.5997058509940924E-4 0.16700338140187973 
0.9967065345558714 0.1473425546788075 0.05768529380423421 0.785413878855933 2.8650712463887702E-8 
0.22479001404724466 0.002637901844251252 0.7939214192687482 0.003964838850331555 0.17392595225189889 
0.21122852334930603 6.206698255683676E-4 0.8223145585891543 0.0072443012428560225 0.2030004837112167 
0.033297511383869174 0.4520694334779748 0.892666825790675 2.475317372773911E-4 0.42355517614082433 
0.023616888198606373 2.641926027363086E-7 0.9013200328563407 0.24434990322219852 0.318945475116372 
0.024461203480650864 0.12552603782366856 0.9038517562119 1.8322478694245093E-4 0.2650567777075463 
0.005203110053847274 0.04603674804470736 0.9075877607738345 5.234387832226305E-4 0.2606318076206171 
0.005548743363314674 6.891354336077427E-8 0.9081829741608275 0.0016000109496544707 0.2717085887638841 
7.883054425776657E-4 0.002323541352760184 0.9097693167429914 0.005764901797908115 0.22750078319746977 
0.002155395966969639 0.002036561200400726 0.9113077944342771 0.001537092161424421 0.17020383512393447 
0.03774860396401104 0.92607146367046 0.8915288363719958 2.197346361267549E-4 0.2561821370561775 
0.9964601064106348 1.4070801773339934 0.033049745490156726 4.8102366514463107E-4 6.991858607740323E-9 
3.5377034410843884E-4 3.156706306946785 0.9144860168973548 0.2268613892244264 1.0054461321355581E-5 
0.0164890226603829 3.175588400789044 0.7245139970420432 0.1931037760691725 5.004524208739375E-5 
0.927072522651972 3.7571956077106625 9.645686773173545E-4 0.3104272190634408 1.3406355702303216E-4 
0.41861954584573113 3.9213555315942865 9.25104694694148E-5 7.446444879719747E-4 0.001558573254151179 
1.397369337728822E-6 3.9255997272029255 0.016704212633587057 0.05950450020977296 0.3227560403356478 
0.8982202335816601 3.763447159523915 1.568355795697342E-7 0.16489932279046685 4.893312589533836E-4 
0.9103191307136772 2.295745366457767E-5 0.6646276280787698 33.67834088350035 4.421198166000904E-8 
0.45043545185646877 3.536438124510799 0.4661215863499836 89.83928934895694 6.396099487967574E-5 
7.892348314071934E-4 2.428041675833586E-6 0.9088045148618987 22.843102454985345 0.22763783551927638 
0.1624961560955525 0.7176187349311984 0.8322564948366503 0.013988159873141642 0.13423633521120074 
4.785720036669951E-6 3.9759488114445216 1.5890092129578535E-5 71.40536563986824 0.28092901665143466 
3.1030291412169055E-4 3.516974872483732 0.5971850674748733 29.000267606702653 6.569563895224519E-5 
1.442142034947402E-6 3.921252489055714 0.0013473346919164245 2.1957761943597633 0.3674808557737861 
0.24920275902619593 0.9944367121922602 0.7604830100128596 0.0781398353255088 0.26966875540627694 
0.3107608958647301 2.3898705716563902E-6 0.7256884014195313 26.83896916923296 0.5953019775559594 
2.5487438707429344E-8 4.109319177564323 0.003919242594303314 51.00598572923879 0.0025918030969626273 
0.9566180526478179 0.011878951478204506 0.2562282234786525 25.554947351268446 9.019808173721323E-8 
0.22855548592347172 3.7846943446179075 0.2459570074683 0.33526662184361156 5.00880807172044E-6 
0.29853938097472826 3.882518978334946 1.6444403569101494E-5 24.336695649168654 0.3022071846525331 
3.991522843614675E-6 1.5450643744321668 0.9078343812773948 47.21495989775709 0.3900594694697448 
0.22862214261336 1.950189195133035 0.7867304387232464 0.3474360580034286 0.13700105287706457 
0.316039346693955 2.7204907094019934 0.719260551821128 1.4460590520885564E-4 0.33280397553511326 
0.4686737913683822 3.931828409518136 1.1237816507246985E-4 6.964505609477812E-4 4.920886503539458E-5 
1.807577442811877E-4 0.8369106654851239 3.618405408204763E-4 0.0 0.9999896227515881 
0.003467608144939537 3.3037893707042754 0.560278097478841 0.2599962765413596 0.24707139910762269 
0.9886993755991886 1.2282105402391508 0.04417236293647274 61.6361483527184 2.2937157741946964E-9 
6.59778305483953E-7 1.1942505863084427 0.9098355916847002 69.89169445277071 0.42094496381775487 
0.023989348975041725 4.93064728569865E-6 0.8996687474778818 30.206589050425166 0.5958139649364008 
0.9028094000854183 0.0028621992674997465 0.4810547361369198 5.469514176407686E-5 2.6652811804457663E-8 
1.5002655384430982E-5 3.981467564931054 0.0010702730750448038 0.27363280114804417 0.1932367605455248 
0.014709363691232616 1.0267134086219667E-4 0.9652345837843898 45.58871954579925 0.12914931167779517 
0.30954957591967813 3.982146824025891 1.2408050319498733E-5 65.72305202856326 2.4686530542556546E-5 
0.9376146471470882 1.205786956858024 0.34450415870017165 7.300125724501126E-5 0.26801844194888724 
0.9083298863410258 3.7595320692713248 9.238706271431735E-6 93.5270805795333 4.891686745566742E-4 
2.571097173978336E-8 3.8655966130849335 0.24508064929002724 24.157931015316567 0.002764419016129723 
0.0013031694520135298 3.7830329843255663 0.2485078814668385 0.35094969305378826 0.2221980932471801 
0.9715649272052909 2.706963597273071 0.3610407077133838 2.1199572715559867E-5 7.285764334641177E-8 
0.20386459451266692 6.0391267971753055E-5 0.7943811873412108 49.38848883857459 0.15263642340382422 
0.28008312336891716 3.496807053861869 0.32715475886431117 0.20519759812365032 0.28629424230583955 
0.9854050636119451 3.587368576044136 0.013448196076403721 0.35358878005597055 0.2785519909689357 
0.32582309298325796 0.005969589438698954 0.7072322537120949 0.5543293066277458 0.9697913649826124 
0.19282004400286315 0.0018045374794041589 0.8384136379943279 0.007728925266451943 0.19563191849773479 
2.7114529466857367E-6 4.007534718143379 0.20461673663777905 0.18222184139545441 0.0013014827072660128 
0.6824453445081264 2.919764155734633 0.743031844818266 0.19500811124297726 0.0011975242263269218 
0.5844721978200953 3.773114327810803 4.724942006872121E-4 0.2919107099043506 0.3074648093732106 
0.21724001911874893 3.8860020357742275 7.297130268117943E-4 0.12214191211231534 0.211152035618673 
9.208044696842669E-5 4.912415706724162E-10 0.9120473945602282 59.281582441692315 0.27240186122802607 
1.9945073933934006E-8 3.1133895068215605 0.7530727942173207 36.74304385488414 0.31677490155157867 
3.374943030763603E-5 0.06472356534076036 1.2268075291688384E-5 54.27568879942502 0.9999696200610889 
1.0000560430432657 2.0727943977498295 0.013772170864381322 0.8230903125116797 3.127639922638318E-9 
0.007024028008480805 2.3695363819150854 0.9973813414924049 0.0 0.2725921067339117 
0.5393995032434514 5.29807643733017E-7 0.6175866178355577 26.834717064347547 0.26052642809677756 
0.9963318873301035 0.058704225883822216 0.025566779782737675 20.760872548593497 4.015431529414488E-9 
5.855327634205467E-6 0.7763537850850999 0.9208000588643374 0.5193174843133753 0.14644558390358958 
4.6121628178248176E-5 2.098753113096417E-5 1.406051925254004E-4 78.56716697556263 0.2771421177013516 
0.3737113000849773 0.03698995333798542 0.8150980509081266 0.0053015724211653665 0.13460294665075265 
0.7495138071641597 1.5811296182021168 0.4316549281361014 0.029199283776096187 0.663899972702258 
1.664265424581746E-4 0.0 0.9092482151999963 0.0 0.8477030671053754 
0.9975540714957133 0.893651772323707 0.0314158881086559 0.49506844394461497 5.436789758739293E-9 
0.956462611042652 0.9673554471825309 0.2697141906837354 24.44485689577817 1.064276010697792E-7 
0.4239753110857091 1.2478484612733193E-4 0.6771369111003407 0.002796529505597955 0.2079182584774494 
0.5510937073243006 3.669874669696959 0.32676810644808607 0.49585753221190787 1.828617169660489E-5 
0.0035320484460748714 3.247448121877538 0.8255597205593123 0.3598988438224982 1.1360368098484991E-5 
0.19515132810933036 4.0830779397442525 5.319530331663427E-6 0.0063219689282025095 4.9173611916361086E-5 
0.7204429315379772 5.835739310356659E-4 0.44051790821935294 0.10819683617781832 0.9932656709878261 
0.22511424061174115 0.0015087247088644222 0.7793568449091065 1.2360286144357582 0.4747726836389127 
7.736132314307138E-7 1.0777546140639005 0.9145455402781901 0.5149238276731217 0.5556656059411965 
0.006744258395075799 3.7603077810943217 0.3306135096290283 63.63192606350898 1.0500636279470063E-5 
0.7052416293295192 0.002381624568922662 0.5056566750189749 0.23085276352514666 0.2371039475848531 
0.0017901863861986788 3.7598941559191186 0.0 0.0 0.9999680616265989 
0.8066360182907707 3.1316502671911457 0.4060068523647871 8.203437492073646E-4 0.38759802579990577 
0.2744730426352998 3.3546900690052737 0.5807059880910407 0.06578835517298606 5.5158910763706785E-5 
0.9575704610583284 1.0017574859868819 0.255578449130498 0.07324828534011085 9.432000360007954E-8 
0.9175927777223812 0.00267760403279962 0.8940281322702442 96.48824845642204 5.93497094902873E-10 
0.531921292449808 1.1221267187469137 0.5717666067350199 0.5337409682472448 0.27805696435012367 
0.21078252557781343 1.0355742030365924 0.7804901217657281 0.001161273880352559 0.9033662640170784 
2.263545926512678E-8 3.574640163402558 0.4063947449688635 77.40451582553254 0.2685261055357507 
0.6452869406529499 7.79494324698569E-5 0.5251206608362667 97.34012164823334 0.14723078817934185 
3.741868061420538E-4 0.987705041270141 9.811231379764278E-7 33.90478194882149 0.999982695032607 
0.9990716020179135 0.022164261654688253 0.013257094375511402 52.20827683380802 1.6542998502448904E-8 
0.0022853684377309546 3.9796707902973156 2.2712415639404725E-5 27.032254573284437 0.25861731951180256 
0.9193655938409279 0.002501030499734753 0.33277547017522674 63.68484500669717 1.0625178713403534E-7 
0.554214739765374 0.0 0.5935231147523331 0.005755657447814983 0.5502827634801791 
0.00258370841152594 3.536194311717019 0.4553776792974412 0.7316576237051935 0.002193922464540971 
0.7785061079418535 5.14289435779391E-6 0.43921375072933383 39.5900967809821 0.7226562145436196 
0.22514601073850726 3.9807884884707607 0.014568782167691474 23.22884614020412 2.2914291713274197E-5 
0.5053615191692148 1.655245434908177 0.5853289657349331 0.003337832664144455 0.9190581732138274 
5.01239708552839E-4 1.0403125114076694 0.0 73.57428220369268 0.9999699574792156 
8.301245384747575E-5 1.0357834532885357E-4 0.9186460371040878 9.175671403495409E-4 0.1700661151336484 
1.1180496935228766E-4 2.096693038166537 3.118042109756952E-4 0.0 0.9999919778679197 
0.22800987256262886 3.501094429134011E-5 0.8054480574083632 25.214862969097037 0.23840844766812175 
0.0034634279966192748 4.279288324882634E-8 0.9134505216152886 8.916313328632639E-4 0.42472213621829846 
1.7267662572014238E-8 3.7813222075154864 0.35582659347148515 32.494929542347805 0.27113912777202254 
0.2945766666038649 3.667645695824663 0.30358242827540227 31.383576224381727 1.589307170252211E-5 
6.29627544898569E-12 4.168679137329547 0.0 0.0 0.0 
0.007412624847806805 1.0509160269618959E-4 0.9119816792733331 85.52353916658372 0.13524106611826858 
8.784163228548955E-4 1.5115077679621254E-7 0.922466434905724 47.69359993156559 0.12994505860387842 
3.76460021220577E-4 3.308765168026596 0.7358552047814728 75.93427483658348 6.168041174821768E-6 
2.876768663727478E-4 3.1536844708081575 0.8178773136547511 0.3137775114004271 0.002186823924268698 
0.0025857989645960205 3.500865130703914 0.45317472622697663 0.7303622108895553 0.0022713337197007456 
4.132543649543078E-4 3.872709035378039 0.1995589352478678 0.3814258305375812 1.078991016066775E-5 
0.5087337472962405 2.9821063549601994 0.9182448230458908 87.10682889587875 7.647913687856365E-6 
0.3950152233906045 3.5439644436510864 0.442671938741283 85.70844380366984 4.9372519528128526E-5 
0.24303000622678655 1.9254873201102936 0.7843053617486327 0.39077481318976626 0.13700111142893256 
0.5450575830046943 5.5650172538504E-6 0.670999098003162 52.6206982006426 0.14308714293271768 
0.3210177105780229 2.693086891880047E-4 0.7528975096676619 0.30752041791446266 0.13263723754908727 
0.8299473508203404 1.3131418375261283 0.7523748629295378 20.43595455669639 5.868550688981244E-9 
0.42637775303570324 0.8433949715477619 0.6760158222692252 4.871560215524189E-4 0.17225030530600088 
0.8218974506296549 3.477397780912543 0.43984188713333683 46.67375295502049 1.140751701989198E-6 
0.6219578873536656 3.882837322608418 3.2907915587355333E-6 31.807946815140067 0.0011702855717155253 
0.46629946288434587 3.900628164987763 1.0259861008780213E-4 0.2564182013884379 6.0682615700954406E-5 
0.9197622118466658 0.0028148214519196687 0.33476146259305306 64.3999420215662 9.285839807246208E-8 
0.9086223619701314 5.390147838793073E-6 0.9796129488969108 1.4221445351308783E-4 3.2045171528540544E-8 
0.9976785472095479 1.282143222981926 0.021344934518188367 62.142281340403834 1.0367599615973462E-7 
0.9727029648837584 1.292157358219106E-4 0.21030128709631998 0.3054114975203713 8.063073350784277E-6 
0.9974684014951287 0.8604298887602873 0.03466304470289099 0.48648968216030625 1.0780378779060476E-7 
0.0064358483623920375 0.740427271068622 0.9243697440939104 4.30542494921864E-4 0.20969282686876659 
2.7086004069675838E-8 4.007572822575964 1.4956940995399294E-5 68.71767657291534 0.2902694194527287 
2.057518451466167E-8 3.7446086457705814 0.31741167788910885 32.060072699726454 0.2533194712804531 
3.05733383307446E-5 3.9906613381279397 1.7441342870121822E-5 23.17451743933885 0.24030489979730615 
0.0012897810708885566 3.7612827915920595 0.2398590480253802 0.7927045422375494 0.22632877015712607 
0.30724357272629166 3.76249374555307E-6 0.7209711024347717 69.02820217320641 0.3675376262178184 
0.2644370229880166 7.116298574035786E-4 0.7617083431585977 24.41558003320371 0.2419079622359157 
0.17210581762345525 7.187350494396227E-4 0.8173869801530491 0.013616123697491885 0.2018455567850108 
0.24080017234450504 0.8810636906498711 0.7617349230517279 0.07186924996506103 0.2596439716245778 
0.22565055657759256 3.884803513510964 0.0010474524744118053 0.11919295297956171 0.22412967846364024 
0.9125779269067219 7.08960816047519E-6 0.36000610702983815 33.182662913476015 0.34396315741590017 
5.293473572205523E-5 8.54615271092602E-5 1.4338677346925141E-4 66.3870681285494 0.3219082960620788 
0.1381772157315431 2.379836687432888 0.8253627107152691 0.3165498817626417 0.6652146435008423 
0.6376252954252131 3.1191803218768883 0.49048093703936124 3.5534484000009444E-4 0.6409600768159224 
0.7253476922120365 1.4494236759450272 0.43190551441205527 0.06225355161505403 0.7420867245743026 
2.9832856578559898E-5 2.2488246939983663 1.2667724355565003E-5 23.078572857860696 0.9999867891557649 
3.5463933899981153E-6 0.011220626589920511 5.668219466263216E-7 53.95012474675489 0.9999828002709202 
0.001628582102631093 2.0861804832423383 1.3822475228519507E-4 0.0 0.9999695346732037 
0.0 0.0 1.4774727867117057E-5 22.166817648768944 0.9999931568088183 
0.16404130523599422 0.7417792751004035 0.8306362258854995 0.004297483410690714 0.1368279407182582 
0.2632410061596022 3.3470693706410817 0.5584625781770155 0.06855625265336926 5.7121767537505284E-5 
0.23212050789120614 3.78753541296633 0.2401296293024017 0.28403671605641756 4.988114973637526E-6 
0.7003719192508538 1.5444406855445415E-5 0.606984518905283 50.083022186976656 0.149332976953357 
0.3647169590903449 0.03031511023139357 0.8165291291242981 0.004888626939448789 0.13429722094143895 
0.9138456849682222 1.5811543244584083 0.4133113895270365 78.9477445113297 1.0926896743253016E-7 
0.9337788262870866 3.758968721597151 3.156244740400057E-7 94.90587116148278 4.891686745566742E-4 
0.5012057409024812 3.6460982222604956 0.2350040747772468 0.4547587072289824 8.619490258485E-5 
0.9064818917753261 3.7544535722334985E-6 0.9644323271071193 8.104210094767516E-5 1.4076369933263574E-7 
0.9565823513344712 1.0065000992482633 0.27302124950619416 0.006074846100047502 2.3382208613251606E-9 
9.201656765475799E-5 1.0264132861327467E-9 0.9497191518223892 71.0416857855534 0.1817877179676662 
7.76253695673452E-5 1.084529119608488E-4 0.911206245955682 21.569366133891812 0.231043419181994 
4.871279149811881E-4 3.6604803416211605E-8 0.9383483212416291 0.21813711775762595 0.1724920505577386 
1.3483737578541847E-6 1.1216665226101763 0.9202669847483199 9.148508947450382E-4 0.17019433159260436 
1.7894252762705804E-8 3.7521260626620143 0.4955238906330459 34.52735778963497 0.2887049229143377 
0.04218851889885871 3.655089219379215 0.29519625733957033 0.3370221785593396 0.22307267551390939 
0.2506776011931015 1.175910443731201 0.7617262019808236 0.07871101663829999 0.2655359251705991 
0.32955231604899515 2.914132213662465 0.7191318369049536 0.06947273163714013 0.2934051073213114 
0.2700450996511231 3.4793906726390857 0.3356806542400115 0.1444344273891636 0.29904640225504014 
0.33510837027732204 0.0044338828429850196 0.6753195214676189 0.7381627400058819 0.1391246771743358 
0.5106450616994811 1.2856673050834466 0.5938377775526695 1.1450822595563476E-4 0.32995269587972603 
0.6653091839619494 2.7885896982561507 0.5077968464095148 0.3173930610220868 0.3771260140776643 
0.8989439483510141 1.2721121794401977 0.3634561569224711 0.004705610786458838 0.17230601280410157 
0.9226267940088371 0.007097073039686547 0.34487511175669383 3.2826222180655718 0.26116386178192524 
0.029755481565239144 0.0 0.9012776724622824 87.92962874666797 0.7555575392719601 
0.24467635103602506 2.3234909840970256E-5 0.7912028786356419 0.5288478856086091 0.5786943781225656 
0.5403620862748864 0.016967415079813503 0.5923524048133867 0.004139185483129227 0.5254324651353688 
0.6868146112967394 1.776376319753916 0.45396951511838773 5.849928633350352 0.677180755240817 
0.21605253885612516 0.9427118120820325 0.7819496910388066 0.001389826563589145 0.9334612896802917 
0.676829933946164 0.2693055147530033 0.4451423381600508 0.32774030430508705 0.7568157566698679 
1.0003820606556477 2.2695908628590428E-4 5.2741135315348115E-5 3.9670642651085096E-5 4.198099613269118E-7 
1.5153220667891938E-4 0.0 0.9111610681684819 0.0 0.8038066129706833 
0.0015931864219168614 0.8927466209595134 3.528753735475523E-5 0.8633023822121795 0.9999831611808533 
0.7543534894519859 3.701843480920115 0.19614335253891876 0.02394637237622332 0.13598022215255384 
0.41661547150437833 2.9676317176512166 0.9143779680781071 0.1023881587543108 0.005836293365712532 
0.7143373572650379 3.5453234917303127 0.18966433721860412 0.18309860787354348 0.2752371752019175 
0.6316367129500962 3.358396575440379 0.378820370956333 0.19885678070904167 0.21393383679942735 
0.8189821185364277 3.6763793257581834 0.20035262608583948 0.001293191228515973 6.371952147813343E-4 
0.5097946228129062 2.9869053673199777 0.7860243896897864 0.12569733986114306 0.004323457356616401 
0.30267099088759575 3.484158738881442 0.3369782440162016 0.041621786545365726 0.22262533446070468 
0.5916610670141395 3.6193721439194517 0.2576391607350914 0.008283152199190472 0.23389716380564182 
0.4984992875277891 3.679723401529215 0.18730937824891747 0.0053854421327628604 0.20822491348071798 
0.1846089666991888 3.8001449250560935 0.1942096839605313 0.005440638328791203 0.2153142916078977 
0.004234198691601247 3.860930846211538 0.2780826915541405 0.003042281175506148 0.004754786155256036 
0.40203105877948736 3.4138121322536015 0.4218620281016924 0.06683032528401665 0.23789144238236934 
0.2954137278141809 3.587902608256873 0.3800210388175806 0.07730717434052439 2.196553986965084E-5 
0.46882823153001096 3.8043041037410914 0.06486668637780767 0.11243984409467439 8.84140696205699E-5 
0.6293244835329659 3.275058308051674 0.3823839357971885 8.862370038379895 0.14769324417365393 
0.7204532762971105 3.2409949369223634 0.3901443838733982 0.05569568643205961 0.2365455075141355 
0.34593240983647255 3.843213379058053 0.0060299438722534356 5.617791504030167E-5 0.1565534476465019 
0.750565961174111 3.397537486932487 0.2223798331377651 0.347619537463427 0.17926943196878015 
0.6601218251751504 3.419972417321442 0.23100814037408324 0.4260348689126925 0.1724065900475196 
0.6431438585732676 3.470166501648509 0.2135204298894571 0.5459937474690101 0.09685023201270072 
0.5933777612947461 3.40543031863635 0.25668693602047155 0.10497258882288425 0.24150582750099048 
0.27135191273644566 3.83993678427341 0.0048666986522102 6.190647325580377E-5 0.23573093613373713 
0.6646830231412163 3.5542697483786077 0.22580912190185018 0.5623310576399622 0.0038101675385706366 
0.24216653623320752 3.1333356315792593 0.7027001189791164 0.11233243629252429 0.007895733346100883 
9.94929893593931E-4 3.6554593818834804 0.3932284216197226 0.03782795189472439 1.017889814125504E-4 
0.7334032060662288 3.5430942056858035 0.36524107664720595 0.0285239891784011 8.095989463102202E-5 
0.005724013226255845 3.573874103138557 0.4126644813543453 0.22648686065828072 0.004198969000999302 
0.5208812591931499 3.5342818922618866 0.25987315054783516 0.1534251410857074 0.1529998109247095 
0.1364318664885157 3.739345760085761 0.3161750441771679 0.008907099990412138 0.037989335887662144 
0.5965289142148159 3.448031977359172 0.2968305689879101 0.06068934422787966 0.2050258440418046 
0.13303924627196567 3.0837562233353837 0.8649343904236636 11.284560996321519 0.043173903283990844 
0.6104561488238587 3.706456377255979 0.006087705143339235 0.002406191011069005 0.24885125113127152 
0.5872349900211343 3.669768975134509 0.20310289819328886 0.07647444476268625 1.0270192676353933E-4 
0.003639852972235374 3.8604329881903103 0.16178285819356505 0.026225527141342176 0.21076679780323127 
0.49041935887134247 3.8098124929849067 1.0094685987326975E-4 0.2857677005639354 6.0005563696757694E-5 
0.011732430776888014 3.74701364133137 0.20270267205595827 0.21307800062116788 0.25778691856384484 
3.6150873685061717E-4 3.7642243143307454 0.27585565256412903 2.4322744514546 0.001024360673218163 
0.23269886708897333 3.5268139936750798 0.351699373455965 0.3866603289341291 0.13143775738629024 
0.6875922553735037 3.3027439224534128 0.37571081261650935 0.004831867570148958 0.12391409310375984 
0.5815599134184767 3.1554936051888935 0.5422542439015613 0.21027404658835702 0.03309341400893525 
0.009357482176457186 3.561972477896623 0.38101983304713744 1.73348700360058E-4 0.2723438269169489 
3.4243872116743147E-4 3.804027989686387 0.32554445429115053 0.1294904387700587 0.007531781939874556 
0.18784441918894826 3.3297027538862602 0.587744562191303 0.8876052926741445 7.082770956988132E-5 
0.447700158145797 3.4576114375319564 0.3650669721445118 0.11609106297374759 1.713089308545786E-4 
0.47391774276159254 3.296820522859458 0.4338756666683988 0.11109238517936454 1.7316823604486605E-4 
0.26286760704865986 3.6221024407681983 0.25278143895155847 0.11862924206889791 1.7262633697886416E-4 
0.29379865790450943 3.7653764872939885 0.17907908951792761 0.07175792327483975 4.941837802117615E-5 
0.9174251179807992 0.0033703991778554613 0.37634507546103985 0.001699516597409499 1.958569055098024E-7 
0.4989834557885392 3.237163269051253 0.4766831574091658 7.8289289436190455 0.19657502236337532 
0.2530820570072898 3.301030124128612 0.5757423259652047 0.05615846904112674 6.100846968280061E-4 
0.7395913429433756 3.5935555974036846 0.19947734830886718 0.00270201667349625 0.2578295121512053 
0.7472882421211834 3.0156436044312493 0.6911722651190223 0.0035245370618990973 2.41361948634844E-4 
0.8174163799888705 3.689668448200098 0.005667116858640207 0.0158321645237243 0.2007241285981879 
0.3711194759622404 3.1187831565087643 0.617531416851094 0.34833450881617367 0.13261557047191042 
0.2284903802774165 3.3752990642266183 0.5103296020722269 0.06620083567344259 6.142340239169708E-5 
0.6397761723349128 3.7323110122385037 0.033507771985672466 0.257141408214102 0.0039005629208848282 
0.2018836127195292 3.4316603555288876 0.4074208764749897 4.496918716086304 0.12656284602095672 
0.19028675436321144 3.1983045637364285 0.6020421142950744 6.301509342670899 0.12135085930620136 
0.5334964441080954 3.06709622961979 0.7372451051944919 3.9133251873946944E-5 2.731687745988227E-4 
0.3547505951471147 3.785418650828679 0.050738795874918335 0.29084977722563715 0.2110502767145019 
0.6982657909734469 3.746521255600147 0.010399912022023772 0.04667473645726578 2.5569601810072143E-7 
0.48831708280862435 0.004011730999822511 0.5990364468001711 1.7217155426269874E-4 0.28099464877969926 
0.011489550523908765 3.4116159657763623 0.5661224859707427 0.07241126964813072 5.403045286449164E-5 
0.438685593489883 3.520369666900492 0.3060200470010189 0.23604976009993514 0.0011977629292102513 
0.6259283725631823 3.2019845326583605 0.582820121915093 0.08623588664469423 6.123385254353181E-5 
0.42637866166553096 3.8057055133350715 0.1796239138493186 0.0021823556807868405 0.011067866981432932 
0.6585405110688457 3.6448361666709572 0.02458127355493945 0.6465992587601566 0.2359091875800321 
0.512369421680796 2.9549763020972843 0.6953973232689913 5.636460093225225 0.05900286909070212 
2.2505606930110207E-8 3.6457633718204874 0.34217962070452396 0.4969402375102565 0.0022935841536679915 
0.6353904557635843 3.652851275665881 0.058737138355525916 8.579586747373467 0.11305173392572805 
0.2106580246416138 3.548333023472496 0.29969648995401654 5.67996149271805 0.06993639131338204 
0.18094843348441075 3.081582303059225 0.9394241102149561 0.003634432667630939 6.34946757985375E-5 
0.25171679252757323 3.811290535954063 0.09728059502708092 1.8075156777737977 0.10823825215379099 
0.2021219045716891 3.7456659825770067 0.1621188684609344 0.21041803149896812 0.070357693842676 
2.9286774783230827E-4 3.569745310772838 0.5942088993278605 0.0020089529410112924 0.09906120818841432 
0.7335109844080552 3.6309354191270775 0.007999955880561228 0.2848413706610865 0.3174410164863921 
0.04073616877867257 3.738676987150432 0.2283114643646456 2.5712192357645693 0.14234594886475918 
0.15886314434067478 3.8843976052616673 0.0014256339179646643 0.1901291478551972 0.15814725694400586 
0.2319638694899079 3.1192258584452475 0.636133795540302 0.136190379054034 0.24564316489845708 
0.7737349988917264 3.600452255965894 0.25211354722443574 0.07345845090077739 1.39180198945686E-4 
0.2669872869688392 3.345394320101284 0.4120342872538503 0.1997032655666297 0.2863727337864524 
0.6637981352811192 6.385212089214243E-4 0.4667355619395738 0.02336622435097716 0.9002570949815879 
0.243680994464871 3.4048835777655646 0.32624428379133824 0.23545027720330586 0.18421083722431963 
0.7021763318204337 3.3438212800358946 0.3827656793139507 6.4483147565723655 2.6030156566137993E-4 
0.09050767969486688 3.8584300056990286 0.06412075282276199 7.412808819897905 0.09068388843296755 
0.5375264480029089 3.7394605629265283 6.831194004329089E-4 0.32916171040730624 0.22643066181115726 
0.8294634417435932 1.5667245764396875 0.8362963096578083 9.86289140950101 5.835591256337898E-9 
0.8224685961804954 1.417063345104733 1.0155948561644985 0.2625376504772507 4.629185822236421E-9 
0.011043969298591787 3.282313082835238 0.5345023213810294 0.003064068717596793 0.26981419502432735 
0.37500809283221936 3.238150251696283 0.5752959214962132 0.38861642242096434 7.266159687322294E-5 
0.8239795685929822 3.586005597089708 0.07461524221240577 0.0771582038583467 0.26566965449261193 
0.31135457013688256 3.445584517901633 0.3993996368757022 0.39661688128299305 0.104046317294608 
0.2501728199906168 3.518745267484247 0.3326869688169444 0.09476689982055977 0.25059462619071066 
0.7512777755184803 3.4843356931847227 0.29845404248506835 0.17972076813836768 0.060682223726805776 
0.5727017867819114 2.882511584331601 0.9161495319007783 8.503794090062946E-4 6.742532620952756E-5 
0.6107037274331095 3.705020968543432 0.017292696917188093 0.18611566362666687 0.05974621873417502 
0.5000167879974033 3.737369343731461 0.08407700893803438 4.902105832434376E-4 0.22782377655322383 
0.5865383560647393 3.583921084483527 0.2225707362840721 0.08948124233038611 0.2036740417666924 
0.8974518907415536 3.5957114097928473 0.19222122476766204 0.04389298742300804 0.025045826864520462 
0.5238971493939818 3.5322613567876595 0.4002390810083411 0.002911988714912954 0.11115828847995729 
0.10642295703654166 3.7866357034822404 0.22661876432531666 0.13855654738868287 0.06950491023467359 
0.05620898656262736 3.762755409657178 0.2736241017018876 0.09787173862578431 0.10307200663449165 
0.002662232721008877 3.935994985862935 0.13391222654901846 0.06208127632608545 7.818976173038566E-4 
0.2816259095923171 3.2253878767653252 0.6048638432498775 0.06763430713762494 0.23851891062939976 
0.2801262739294339 3.828744417727502 0.018628955142528256 6.157094279944781 0.12002915433657205 
0.34104883179917106 3.0136860075200116 0.9206753525810409 0.18263364110587701 1.4956180757487594E-4 
0.6748678681256193 0.014489362749371763 0.5146308153255953 0.0030413714539388086 0.24411214052441566 
0.7144747195230259 3.639562637931785 0.01861733928816655 1.908055572587928 0.09133127760051914 
0.6162222802441355 3.530323259580306 0.11800494184630442 0.7531677216733546 0.11821191639286406 
0.24583725477237026 3.4610751921287766 0.45830803177397605 0.07257266903334002 0.23037871195354892 
0.4488591520984638 3.5864853157379475 0.11989343172073935 0.5394445261734427 0.12258425738790082 
0.6342652611553373 3.014257859551809 0.6582322316828051 5.56045965615542 0.00457946966987852 
0.781201001347856 3.287813175321451 0.31574135565305206 7.047038593313008 0.11315212488173934 
0.6466195258546715 3.602627138508113 0.13415087930684733 0.1435129077513355 0.017405454471271634 
0.8401614508042725 3.396847612747445 0.3088558322085841 3.965596186940918 0.05222071043097569 
0.005029680697937372 3.222019110387353 0.6086895383845524 5.265455841986561 0.205022751065319 
0.23971414291354684 3.234336646993774 0.5778803130451158 0.16662501158206627 0.2565569699198009 
0.31372548338567163 3.748085278025684 0.10462618233879707 4.757871681927885 0.25137721171044625 
0.01021825841851513 3.1828861887439124 0.7008024854648931 0.1900695828822878 9.798977805258727E-6 
0.11312080274154425 3.7166294365685757 0.27301240084619854 0.2164184389096708 0.005811116389480608 
0.9179096452757083 3.543561289462691 0.15046993157487237 0.23583802022870298 0.09788232602529658 
0.4939167857135725 0.8085064963776415 0.5879333301017147 0.0020452690234099083 0.16731858275341613 
0.2238821284362992 3.0702839177461776 0.7703286751502341 0.08074792750177909 6.36386341496205E-5 
0.45436960895508266 3.7564567307610597 0.03004865430714267 1.1581991453801093 0.14545583781537172 
0.007638604595655984 3.8382374119245606 0.1858426205017919 0.28027768510446116 0.0020727157618481255 
0.09421265413697483 3.0525710648481783 0.7434685764476362 3.145068948682766 0.12000265136336974 
0.8690018392629936 3.623316492677345 0.007911293552806956 0.16560185947771905 0.2735278490893152 
0.01004511775780282 3.6056112212339744 0.25479257208727185 0.16742796369402746 0.23464265231073966 
0.7753493884482107 3.6663084613502965 0.08074347026121964 1.6664813075898863 1.1932656672977924E-4 
0.010263983631293824 3.6800306796990756 0.3033965623986102 0.03099564664095208 0.17114059643870577 
0.19070685479487395 3.8986557120919216 0.0011241004616233275 0.003822586820027097 0.24488411139889696 
0.6543495653784595 2.908959897623913 0.7989454960299094 0.036898899710033815 3.333365756262782E-5 
0.4808510727434773 3.5587267721070672 0.3122534415973847 0.12899518754400519 0.0021992897483444824 
0.13571049022508228 3.9117233798279436 0.07902525904933201 0.5828346890759641 0.04256612593043721 
0.548514160499799 9.093333534121195E-4 0.6175194296287251 0.34492764444089974 0.13390884540499357 
0.0011992348027108162 3.788048502369377 0.22056086312286038 0.9879966202424193 0.17268560574914582 
0.5924552586444615 3.368051277508111 0.27877763890641155 6.844439815443841 0.0981860317017214 
0.224171062433592 3.4216524878853956 0.456146454501128 6.415446695259719 4.183534106187132E-4 
0.05276367241590115 3.460225287581107 0.44024434122923084 7.984479907217671 0.10672289107318074 
0.827566926122673 1.635230313870044 0.7476931046348243 11.85353126107634 1.12792151674085E-8 
0.3894342248751532 3.3275519887585254 0.5060856767573044 0.017158055316435966 0.0018691202848042366 
0.004138487629389691 3.328930294797934 0.6014134990821246 0.22839573168102809 0.18897813679353434 
0.5689863512937773 2.930154034789541 0.7446898605866284 0.19732405707035588 0.0015441765009840845 
0.44902087080787517 3.7134715707027395 0.11840110817212827 6.4036705090361234 0.05678278329040714 
0.7285688740701909 3.4180445863146054 0.23665060492255655 5.235942441421005 0.11262687964580693 
0.8228271991505515 3.6391138172702906 8.880944491924147E-4 0.3100591584084434 0.1946073443424673 
0.0013343427435459525 3.721991183590438 0.33469895226736357 0.29426558427473726 0.0018369085919783582 
0.7713425942997141 3.5211859246381674 0.1929041605391711 0.44529346270044556 0.0018113471884120633 
0.19475291537966608 3.097034386160344 0.6775099399740762 0.224912195352463 0.001279212439579718 
0.4231318701174302 3.4620577703679642 0.28683396892566904 6.5870559042994765 0.09662490729842978 
0.5316037914337085 3.1811430418176636 0.542917377471068 8.112953889552834 0.1076671879328472 
0.6131534129049279 0.012941257328323116 0.5414954970857387 2.327258545109238E-4 0.45432859352547655 
7.03031253729247E-4 7.847026976445574E-6 0.9135145547490442 0.005523565993684814 0.13374743343531692 
0.4946128759890191 0.3572663073528189 0.5918609217414604 0.4537394606470933 0.1512341718661504 
2.0029929722969737E-4 3.9188986430767137 0.2086970308420198 0.003976722841414436 3.606319459977282E-5 
0.8263450062846791 0.6920433576684545 0.9261674263403344 0.6707697854536369 5.926493562506187E-9 
0.29082841770164186 3.8679649486347496 0.09972684642728145 4.010800645235993 0.005107993060992512 
0.5078271805008204 3.5780995247409164 0.1918596081338976 9.60399926358153 0.06767531200354665 
0.26877437705874346 0.8306144627847883 0.7357245242482874 0.0047270120913408655 0.1318121418350904 
0.2639148100330253 3.573289418497814 0.24279233963657823 10.04784605360895 0.12804159422374653 
0.06983711031688582 3.648126444274877 0.25967580024542564 9.784368931512843 0.1329338486058676 
0.002795759714792487 3.5250791071127097 0.46950456099014276 0.06178016963785796 0.0022611135983669054 
0.28763573394062986 3.884936336426063 0.0462448422079028 0.0409656591874276 0.06192889936779761 
0.24833899089247743 3.785840073465541 0.2505046105321934 0.0033795876294340018 5.1384185328659045E-6 
0.7982218785631304 0.33185791569352735 0.3434836646907295 5.8269462216295 0.1600860333623101 
0.20754454388699792 3.6581258060132233 0.21485598389318675 0.6235213244067952 0.04299577143371901 
0.003708162676372537 3.934041154378974 8.004637769090048E-4 0.2596875732402386 0.22201689521576734 
0.43761853784743693 0.0028004608589232436 0.6096518698485782 0.31431296514052615 0.7503535605375294 
0.23503652510974007 3.787323035883799 0.01827708871371021 0.05716315354445222 0.30640581042259424 
0.6891340586721274 1.249516245661425E-4 0.5016557881910731 0.36221485186399566 0.15780988972408108 
0.8483314550648685 3.564921139641636 0.01785316824167742 0.056705201310883226 0.35291598685028386 
0.732462014465206 3.4077478775092236 0.3101782968658547 4.453428131556698 0.06690388030751783 
0.5410124031916066 0.2560772334722414 0.6109316566274098 0.003689613067983783 0.1552931324836931 
0.6611353918229848 0.6891923690147211 0.4590321515671437 1.995936154024966 0.3874651593335453 
0.4978989982264794 0.032329858073109764 0.5909649324811105 0.6449757103402052 0.14560284489920458 
0.15092975725103056 7.902871829586289E-4 0.8175392331586641 0.019826105553884858 0.13340280511788905 
0.5463995516359331 3.2658638519573375 0.5405937101935431 0.06585771247844763 6.089561447271636E-5 
0.09023283272835494 0.5105082364891843 0.8586282511760264 0.032029524351129275 0.7669380655904479 
1.7170550754692273E-4 3.1139888149689527 0.7470189499707066 0.17727431796465432 0.2569920328985417 
0.09703854402958634 0.26966111534675913 0.8586734766944834 0.21779599042355896 0.2006666244274037 
0.1147940383996331 3.4590411373353342 0.4814387971807737 8.265871070865629 6.934734804849063E-5 
0.13119760772512826 3.1154570935484425 0.986190247221736 1.9623396415128123 0.009721755795002085 
0.7139839702144619 0.056055988206483755 0.46821044588395144 0.009271444419877943 0.19398909272872475 
0.7753001065939992 2.79383408808977 0.9952606887436927 4.765434422176433 0.07844353340046946 
0.03670971387285812 3.073307006224987 0.8518952166070162 0.43265968984718955 0.22131766644492945 
0.999912511044754 6.317769946668059E-4 0.060238568070356276 1.3623492891904483 3.755207519972721E-10 
0.23212832344103956 0.4989411452829721 0.7876631965337327 0.002008637951840408 0.17522476952418645 
0.0028473995287626353 0.5279616401841594 0.9109175409584352 0.014877086863341717 0.15269927427710617 
0.49714107105477684 0.003570957919416884 0.5994394014012383 1.1526619697705804 0.15539186800951252 
4.37686334439045E-4 3.9950997946910705E-8 0.9239408097334084 0.5741837217749883 0.1769727849075756 
0.20769716822804224 0.21570389757606168 0.7837196083789613 2.5465630608666077 0.4646422026010422 
0.3738580717091913 0.26704498882251737 0.7294086239859894 0.14668651070148514 0.13787820070137435 
0.2410887214410238 3.2509485855657925 0.7807317940197759 0.07345538374308018 0.003281900677951482 
0.2691656086425674 3.787249803137171 0.2189834764145716 0.3096948541788269 5.067364551078465E-6 
0.4989133357453153 3.657387657236001 0.20779908418273738 0.46734815390770496 1.114040077340982E-4 
0.4021827283071871 3.9847848593461905 2.6959731452355154E-6 1.2646382839226846 2.3540094931745844E-6 
0.00355632056082271 3.330538797706786 0.5510594985775809 0.2519011139989273 0.2529298287789389 
0.5046047269562021 4.6607586853683084E-7 0.6097197682688316 0.19106263619681552 0.44434967342641085 
0.0033308278241109433 4.0339568192852624E-8 0.9152615431349459 0.001134671463162197 0.36136424310819754 
0.2840741864778966 2.5052379083421794E-4 0.7558278258314564 0.27945619918338005 0.19918398055790634 
0.3386187517823315 0.05704680968833564 0.7189471406415954 0.049695238106589434 0.29857236966635226 
0.23296700738313458 0.0018483863540191686 0.7800503457405763 1.4399936787361176 0.23647697468019083 
0.9020328211049425 3.668985903624596 0.19703154049878344 1.0003760134787856 4.689104374279701E-4 
2.589994435366892E-8 3.8785396617443717 0.29557538391260896 20.288363491121878 0.0028948822228375363 
0.30518187859358764 2.571725056992651E-4 0.7526769194085317 0.3338757185187987 0.2626336790860616 
0.5273275393460383 9.67794060148926E-7 0.8028280667435506 0.2524184760346938 0.3517225798337729 
0.006964252586064481 3.7632912551155244 0.5029587987870286 0.25104358506646723 1.200879979168415E-6 
0.9404261164418294 0.06564064128469517 0.353314481567081 0.3397271125174681 0.14105885740437848 
1.5312304086637334E-6 3.951400659867378 0.0013934404478578757 0.29535332781546625 0.34549532175413633 
7.850806820637913E-4 4.709964671310785E-6 0.913416418716606 35.52154995174167 0.2681565177563747 
0.5330608374243174 1.8305646985794287E-5 0.5992824174505527 86.78765372580048 0.5152979817041334 
7.542011858095487E-7 1.2865812812966475 0.9129775284818359 0.42908360930027045 0.29146128535169286 
0.5419782484506792 2.0365285748882908E-5 0.595355294075992 87.84518260785839 0.2593945053562146 
0.6253360689458751 3.9272395641481923 0.007290457787688205 0.5157498140341813 1.987791392551119E-5 
0.34804041382874046 6.08253539163253E-4 0.706030274654271 25.487269383363518 0.6645388715246504 
0.9974976090570182 1.0494812662590813 0.03330589199398496 0.462987787677634 5.384312402242577E-9 
0.3253760486661638 0.09326090508445196 0.7172632684367056 1.4023659910086602E-4 0.491495071227937 
0.27879131847821254 1.416040489045701E-4 0.7569125490362026 0.04504432031509843 0.644953234765945 
0.5115113519976624 2.0205689931780703E-5 0.6076955459025465 86.39502914420513 0.3156779724576121 
0.6804513370616392 3.881082641211124 6.500051419237067E-5 0.5055376576479641 0.00648228178402961 
0.044822543536748395 1.7221240823941084E-5 0.8964596731051097 49.97571927622863 0.5960304513153696 
0.21931722271175427 0.689452191257506 0.7761789077288087 1.3019271199074296 0.2708501869444484 
0.8628847566740637 0.09119594310324389 0.3514145526730574 0.011893506465022356 0.4997393637559421 
0.09094121823940186 0.2723240826113854 0.8684171252823745 2.7022161223167935 0.6771595822875117 
0.3413381666410619 2.328023229129288 0.7277837979954702 1.1743656471328397E-4 0.296348062209214 
0.09056516997823369 0.26575437964978804 0.8572070497735614 1.8251111940106342 0.782676420999414 
0.2683655663336988 0.8588630154938031 0.7352864044885217 5.653009589412854 0.817032813461879 
0.8900421313093776 3.445178738289857 0.3463041630300629 49.486741513047846 2.4366184934212458E-5 
0.19314463451937589 0.073866567123736 0.7977217908561148 0.003382488493686371 0.7291185587031325 
0.3400793355902524 3.8141387064930894E-5 0.714247036266858 47.94399345195156 0.2261487413021519 
0.6101575820552674 2.26631531817561 0.5951810777393585 7.547093630110341E-4 0.24620313898900972 
