1.9941360422665897 2.171592776556122 2.255664166744424 2.2425070245894556 2.132721089500159 1.9313363756744504 1.647736676021741 1.2957368545587606 0.8949330700938525 0.48246131460297964 0.2697426195988176 0.5903799549443631 1.0062032610269969 1.396301141092905 1.7315113820621653 
1.7147145396951207 2.0530655876106843 2.3113624134530055 2.4753335420441704 2.5365341017754193 2.491896320637565 2.3436537793972065 2.0993926968493817 1.7724020812639851 1.3832936340549555 0.9674929150930381 0.6148531706758069 0.5796463269065738 0.9039637626399977 1.3184571432995114 
0.5414230231904388 0.8653166266596038 1.1633337969257616 1.4150338374294764 1.607322265126173 1.7309966142855415 1.7803162632259288 1.7530177384748158 1.6503523180641462 1.4770635171834434 1.241346117162293 0.9550547051464082 0.6356190972787997 0.32317923276796817 0.2553954845683995 
0.4893675559611848 0.8230277573298922 1.1325374653134461 1.3966473445263734 1.6018184968662594 1.7383508688956124 1.7999705191785813 1.7838759729452525 1.6907974616875985 1.5249798000554706 1.29410828813949 1.0093522925130718 0.6864444715043597 0.3558661942740273 0.2113639566453331 
1.116030087940092 1.1303917792889007 1.124712416075931 1.099688607067545 1.0584995284007126 1.006810418349424 0.9526340720807209 0.9057096001558467 0.8758651806722598 0.8701695623719522 0.8900534673180492 0.930638651892543 0.9829026664322216 1.0367886492150586 1.0834063095008575 
1.1446398312695696 1.1505250375066305 1.133665111796725 1.0960499368999368 1.0423994321787826 0.9802283350319418 0.9196856225217798 0.8725868285818174 0.8498246297740036 0.8573115417349658 0.8930516929332868 0.9481876144394754 1.0109326877986367 1.0700756481812175 1.1166958415704333 
1.714573574161071 2.0532340668374736 2.31188658736993 2.476224547868111 2.5377782982327606 2.493460764299386 2.3454904798172045 2.1014428968722543 1.7746009263951006 1.385573787110777 0.969770286124976 0.6168207260037314 0.5802427858121376 0.9036963387863658 1.318116126012118 
0.5245375820873216 0.8540541072738345 1.1574456860903113 1.4143671303470844 1.611651222170155 1.739946029338237 1.7933383214181968 1.769392773613671 1.6692000129986866 1.4973533400489412 1.2618860116098385 0.9743907907560265 0.6515188890301993 0.3290062363047769 0.2354176702166189 
0.4893675559611848 0.8230277573298922 1.1325374653134461 1.3966473445263734 1.6018184968662594 1.7383508688956124 1.7999705191785813 1.7838759729452525 1.6907974616875985 1.5249798000554706 1.29410828813949 1.0093522925130718 0.6864444715043597 0.3558661942740273 0.2113639566453331 
1.1350812044796363 1.1433051852562268 1.1297499482885318 1.096039040427203 1.0464323174396903 0.9878607916621126 0.9297575099286705 0.8831910107379336 0.8586025810106149 0.8621893436219397 0.8930147650043031 0.943481786299763 1.0026925490277143 1.0598366311480536 1.106057229868553 
1.167393477130059 1.1731275022480925 1.1531862972750395 1.1098018722099154 1.0481740117259364 0.9766574392841967 0.9067921331010107 0.8524424546406131 0.8267712813848987 0.8369011119533567 0.8799444917571311 0.9447060302252548 1.017090368665469 1.0843240500169808 1.1366166295995677 
1.714573574161071 2.0532340668374736 2.31188658736993 2.476224547868111 2.5377782982327606 2.493460764299386 2.3454904798172045 2.1014428968722543 1.7746009263951006 1.385573787110777 0.969770286124976 0.6168207260037314 0.5802427858121376 0.9036963387863658 1.318116126012118 
0.5246225115405929 0.8555160577456006 1.1598177950770554 1.417391150602247 1.6151124490168385 1.7436382400626298 1.7970568980835442 1.7729359515280183 1.6723722585370413 1.4999676858634012 1.2637612945831016 0.9753330105661342 0.6512422709808229 0.3267553466745046 0.2326035681296502 
0.4893675559611848 0.8230277573298922 1.1325374653134461 1.3966473445263734 1.6018184968662594 1.7383508688956124 1.7999705191785813 1.7838759729452525 1.6907974616875985 1.5249798000554706 1.29410828813949 1.0093522925130718 0.6864444715043597 0.3558661942740273 0.2113639566453331 
1.1350764692473636 1.1432973723561333 1.1297400954112276 1.0960284651132857 1.046422539404051 0.9878534125425456 0.9297539904914104 0.8831922848258482 0.8586085704458011 0.862198720921203 0.8930253402962531 0.9434913087310937 1.0026993163289686 1.0598396768099811 1.1060562593246654 
1.1678557220531176 1.1730744217741245 1.1526220200419077 1.10878914168828 1.0468383761510853 0.9751922657822998 0.9054561928838191 0.8515282331645276 0.8265176562938799 0.8373774736898401 0.8810134653810979 0.946106311523329 1.0185449504046669 1.0855997752695394 1.1375412299036967 
1.7145405235560296 2.053274572353269 2.3120116754509628 2.476436876537303 2.538074624482075 2.4938332508017327 2.3459277093549544 2.101930892161085 1.7751242625985961 1.3861164554203798 0.9703123207813654 0.6172893993811644 0.5803861014338446 0.903633630649168 1.3180356073161519 
0.5236549445565777 0.8545836664192676 1.1590002619247533 1.416732788790244 1.6146448766351926 1.7433830023650723 1.7970255336818117 1.7731297811930307 1.6727823502537242 1.5005750366700903 1.264536959413888 0.9762369097727918 0.6522129157893432 0.3275972061296823 0.23205386722915985 
1.1280461800193842 1.1279253634189752 1.1080702707121246 1.0709700915395104 1.0215995860940263 0.9673414628732551 0.917544551654575 0.8822191995515761 0.8694887761591359 0.8825213433988046 0.9180752796969088 0.9679856814673599 1.022237481384432 1.0714999955211348 1.1084179145876045 
1.162653823679591 1.165328107465566 1.1433080912649412 1.0991111573268766 1.0381724880868823 0.9689912096039561 0.90303971104053 0.8536745854919903 0.8329330391128354 0.8465110876588628 0.8906335242272291 0.9541832291119373 1.0237295849085934 1.0872502787664644 1.1355847902882577 
1.7145405235560296 2.053274572353269 2.3120116754509628 2.476436876537303 2.538074624482075 2.4938332508017327 2.3459277093549544 2.101930892161085 1.7751242625985961 1.3861164554203798 0.9703123207813654 0.6172893993811644 0.5803861014338446 0.903633630649168 1.3180356073161519 
0.5256621308183906 0.8569600500861658 1.1614345938834245 1.4190520778409172 1.61671572626292 1.7450951686764609 1.7982896430986732 1.7738781933947216 1.672970335647059 1.5001811741252802 1.2635620055206422 0.9747002602801367 0.6501481403798117 0.32515876388334736 0.2322788637910459 
1.1320589170252615 1.1264860360667188 1.101324808700796 1.0597576848401267 1.007478664124116 0.9525669939314184 0.904880271680277 0.874415269862164 0.8684111375826182 0.8883834608898196 0.9294067815512169 0.9823233376072553 1.0369280769221036 1.0842112251227138 1.1173628787862302 
1.1624871793816764 1.165052339025684 1.1429580219915028 1.0987320033033328 1.0378180291823782 0.9687203739838995 0.9029086675009281 0.8537207109595312 0.8331532545111012 0.8468523905571544 0.8910126217362743 0.9545198179053707 1.0239663104495407 1.087355846402743 1.135550027168886 
0.5256382604436137 0.8569357796094927 1.1614122954060917 1.4190330762633474 1.6167009973106015 1.7450854339150943 1.7982853774308378 1.7738796185104688 1.672977415926906 1.5001936189078375 1.2635792749415036 0.9747215538347437 0.650172220014993 0.3251815352009265 0.23226779296671873 
1.1361367512677 1.1306644264493444 1.1050303765340497 1.0624435916862935 1.0086849383812966 0.9520088106768568 0.9025670270041086 0.870757910342728 0.864205134503085 0.8845826922368634 0.9268039818030882 0.981358156026884 1.0376808962229809 1.086488018275756 1.1207860052441987 
1.1623273806580077 1.1647877982340114 1.1426221535176704 1.0983682110204758 1.037477947899276 0.9684605798640433 0.9027830651710187 0.8537651236578493 0.833364655290756 0.8471798956984304 0.891376359996448 0.9548427996607638 1.0241935254894752 1.0874572516058827 1.1355167905784243 
0.5077942118517206 0.8374368843053112 1.1425342892956492 1.4020183805980015 1.6024813583048245 1.7343920881414001 1.7916624917987163 1.7716786384368894 1.6753509447595123 1.5070948046285333 1.2747682246234913 0.989772642476014 0.668412375257534 0.34430883791458533 0.22742833960289752 
1.1361103038299445 1.130619010586729 1.1049719927705768 1.0623802769094444 1.0086263158751403 0.9519652054251652 0.9025476843290247 0.8707680993883907 0.8642432334177497 0.8846398295278843 0.9268672948032142 0.9814151452860177 1.0377221059921218 1.086507771582891 1.1207821750552565 
1.1623273806580077 1.1647877982340114 1.1426221535176704 1.0983682110204758 1.037477947899276 0.9684605798640433 0.9027830651710187 0.8537651236578493 0.833364655290756 0.8471798956984304 0.891376359996448 0.9548427996607638 1.0241935254894752 1.0874572516058827 1.1355167905784243 
0.5077942118517206 0.8374368843053112 1.1425342892956492 1.4020183805980015 1.6024813583048245 1.7343920881414001 1.7916624917987163 1.7716786384368894 1.6753509447595123 1.5070948046285333 1.2747682246234913 0.989772642476014 0.668412375257534 0.34430883791458533 0.22742833960289752 
1.1389448000691518 1.1334254137332955 1.107366360059522 1.0640080748980836 1.0092030701029968 0.9513356669130626 0.9007641670835956 0.8681564960542333 0.8613778869927048 0.8821744330797939 0.9253138061798702 0.9810255834861106 1.0385010792579472 1.0882809384548722 1.1232621606586726 
1.1623273806580077 1.1647877982340114 1.1426221535176704 1.0983682110204758 1.037477947899276 0.9684605798640433 0.9027830651710187 0.8537651236578493 0.833364655290756 0.8471798956984304 0.891376359996448 0.9548427996607638 1.0241935254894752 1.0874572516058827 1.1355167905784243 
0.5077942118517206 0.8374368843053112 1.1425342892956492 1.4020183805980015 1.6024813583048245 1.7343920881414001 1.7916624917987163 1.7716786384368894 1.6753509447595123 1.5070948046285333 1.2747682246234913 0.989772642476014 0.668412375257534 0.34430883791458533 0.22742833960289752 
1.148604288087157 1.143765066047541 1.116996711927392 1.0715433318218697 1.0133949362258932 0.9512817577811644 0.8962190945645596 0.8598686500355404 0.8511585336117918 0.8723966037080969 0.9180739160635388 0.9775895441762936 1.039246245547763 1.0928918278327362 1.1309479995676035 
1.177271703237276 1.1807985108043428 1.1576675280510276 1.1104271424763492 1.0446887488725338 0.9693653760149078 0.8967517061685399 0.8415984219726516 0.8176917873053161 0.8318764651804158 0.8800215095253557 0.949540418862233 1.0254724488334008 1.0947179796240918 1.1474679591801604 
0.5217543142359007 0.8560724786279297 1.16293959702498 1.4226045864542216 1.6220046574303553 1.7517825526483533 1.8059971720932624 1.782189325173316 1.6814375488583309 1.5083320569259038 1.2708947667894677 0.9806412749659189 0.6538469907780171 0.32420232005418054 0.22400553958266273 
1.150384762019987 1.1451116809401087 1.1177241745878872 1.0715318828108735 1.0126135653179151 0.9498192240149992 0.8943148679356974 0.8579116179073769 0.8496032299446039 0.871603123086253 0.9181851527522377 0.9785324669598664 1.0408102416541936 1.0948056491991482 1.1329286812908028 
1.16124903878161 1.1630000529652273 1.1403510436080657 1.0959077957940222 1.0351783193764574 0.9667052912897576 0.9019369807392703 0.8540695074215411 0.8347971698736927 0.8493956714889073 0.8938364150430363 0.9570279759304958 1.0257323047318614 1.088146026700725 1.1352950398397132 
0.5213154457062467 0.8561736541268318 1.1634451975527254 1.4234400464820238 1.623104801047853 1.7530799064098794 1.8074195686059102 1.783660392201047 1.6828780838612671 1.5096611408753626 1.2720290051139052 0.9814876051385363 0.6542687671177289 0.3238155817309151 0.2226449788056187 
1.1507774499955108 1.1453927132438468 1.1178546579384172 1.0714891874687118 1.0123964584790512 0.9494545920145658 0.893863879985842 0.8574675875520203 0.8492700816892568 0.8714578758743956 0.9182519337251732 0.9787861216886407 1.0411962713767458 1.0952582457990891 1.1333816466403963 
1.16124903878161 1.1630000529652273 1.1403510436080657 1.0959077957940222 1.0351783193764574 0.9667052912897576 0.9019369807392703 0.8540695074215411 0.8347971698736927 0.8493956714889073 0.8938364150430363 0.9570279759304958 1.0257323047318614 1.088146026700725 1.1352950398397132 
0.5310215647803299 0.8703750441893837 1.1798596551241978 1.4407701311914232 1.6402973714889069 1.7691925959386015 1.8216014005327044 1.7951611358512787 1.6910626666895407 1.5140180026536567 1.2721604317023398 0.9770537998515837 0.6447838384405706 0.30806978782462446 0.21815711884331343 
1.1507774499955108 1.1453927132438468 1.1178546579384172 1.0714891874687118 1.0123964584790512 0.9494545920145658 0.893863879985842 0.8574675875520203 0.8492700816892568 0.8714578758743956 0.9182519337251732 0.9787861216886407 1.0411962713767458 1.0952582457990891 1.1333816466403963 
1.161241671061801 1.1629878226774644 1.1403354984822596 1.095890951991987 1.035162578856545 0.9666932853296243 0.9019312089200983 0.8540716152774367 0.8348069932922787 0.8494108451747955 0.8938532564104307 0.9570429400957816 1.0257428514915052 1.0881507596834725 1.1352935399894706 
0.5310215647803299 0.8703750441893837 1.1798596551241978 1.4407701311914232 1.6402973714889069 1.7691925959386015 1.8216014005327044 1.7951611358512787 1.6910626666895407 1.5140180026536567 1.2721604317023398 0.9770537998515837 0.6447838384405706 0.30806978782462446 0.21815711884331343 
1.1507774499955108 1.1453927132438468 1.1178546579384172 1.0714891874687118 1.0123964584790512 0.9494545920145658 0.893863879985842 0.8574675875520203 0.8492700816892568 0.8714578758743956 0.9182519337251732 0.9787861216886407 1.0411962713767458 1.0952582457990891 1.1333816466403963 
1.164986471478415 1.1668217123244689 1.1437643033074902 1.098443000142143 1.0364287803023278 0.9663909187438585 0.9000066167985763 0.8508286976287994 0.8309584759694503 0.8458945827170884 0.8914683505646158 0.9562091235622564 1.0265059436688795 1.0902989008845145 1.1384631943579187 
0.4964486328307567 0.830476053617036 1.1395345704803195 1.4027585261096724 1.606722862906141 1.7418046448784492 1.8018034182970246 1.7839933295647068 1.6891820212684259 1.5216914874489018 1.289282118593495 1.003198391877913 0.6792803618782636 0.3486053122583406 0.21328315949657783 
1.1507774499955108 1.1453927132438468 1.1178546579384172 1.0714891874687118 1.0123964584790512 0.9494545920145658 0.893863879985842 0.8574675875520203 0.8492700816892568 0.8714578758743956 0.9182519337251732 0.9787861216886407 1.0411962713767458 1.0952582457990891 1.1333816466403963 
1.164986471478415 1.1668217123244689 1.1437643033074902 1.098443000142143 1.0364287803023278 0.9663909187438585 0.9000066167985763 0.8508286976287994 0.8309584759694503 0.8458945827170884 0.8914683505646158 0.9562091235622564 1.0265059436688795 1.0902989008845145 1.1384631943579187 
0.4964486328307567 0.830476053617036 1.1395345704803195 1.4027585261096724 1.606722862906141 1.7418046448784492 1.8018034182970246 1.7839933295647068 1.6891820212684259 1.5216914874489018 1.289282118593495 1.003198391877913 0.6792803618782636 0.3486053122583406 0.21328315949657783 
1.1507774499955108 1.1453927132438468 1.1178546579384172 1.0714891874687118 1.0123964584790512 0.9494545920145658 0.893863879985842 0.8574675875520203 0.8492700816892568 0.8714578758743956 0.9182519337251732 0.9787861216886407 1.0411962713767458 1.0952582457990891 1.1333816466403963 
1.164986471478415 1.1668217123244689 1.1437643033074902 1.098443000142143 1.0364287803023278 0.9663909187438585 0.9000066167985763 0.8508286976287994 0.8309584759694503 0.8458945827170884 0.8914683505646158 0.9562091235622564 1.0265059436688795 1.0902989008845145 1.1384631943579187 
0.4964486328307567 0.830476053617036 1.1395345704803195 1.4027585261096724 1.606722862906141 1.7418046448784492 1.8018034182970246 1.7839933295647068 1.6891820212684259 1.5216914874489018 1.289282118593495 1.003198391877913 0.6792803618782636 0.3486053122583406 0.21328315949657783 
1.1507774499955108 1.1453927132438468 1.1178546579384172 1.0714891874687118 1.0123964584790512 0.9494545920145658 0.893863879985842 0.8574675875520203 0.8492700816892568 0.8714578758743956 0.9182519337251732 0.9787861216886407 1.0411962713767458 1.0952582457990891 1.1333816466403963 
1.1615245476158798 1.1628882570678376 1.1398635106895072 1.0951009705660562 1.0341563354318806 0.9656222110208721 0.9009909221673836 0.853472037713438 0.8347043416756829 0.8498313998914406 0.8946813110859029 0.9580847756243682 1.026799316019136 1.0890558772581636 1.1359258088370734 
0.4964352732683908 0.8304854185732898 1.1395600263670718 1.4027965856530173 1.6067706018535055 1.741859140797046 1.801861633447852 1.7840521258740978 1.6892382148277867 1.5217418939392522 1.289323527851452 1.0032273071644262 0.6792918112747947 0.34858628664976127 0.213228158656639 
1.1507774499955108 1.1453927132438468 1.1178546579384172 1.0714891874687118 1.0123964584790512 0.9494545920145658 0.893863879985842 0.8574675875520203 0.8492700816892568 0.8714578758743956 0.9182519337251732 0.9787861216886407 1.0411962713767458 1.0952582457990891 1.1333816466403963 
1.164592345564896 1.1661455009524755 1.1428909331329982 1.0974847894182995 1.035521296247029 0.9656848847930966 0.899648238614099 0.850918518424221 0.8314946525245696 0.846747034358985 0.8924280859355342 0.9570727422717734 1.0271263342928543 1.0905935523609513 1.1384048583240938 
0.4963895666148507 0.8304390878368401 1.1395176999746361 1.4027607480232065 1.6067430666809985 1.74184123719538 1.8018542193665275 1.784055575412049 1.6892524107719917 1.521766232541505 1.289356930441287 1.0032682019575567 0.6793378443757474 0.34863070435889415 0.2132112630335557 
1.1507774499955108 1.1453927132438468 1.1178546579384172 1.0714891874687118 1.0123964584790512 0.9494545920145658 0.893863879985842 0.8574675875520203 0.8492700816892568 0.8714578758743956 0.9182519337251732 0.9787861216886407 1.0411962713767458 1.0952582457990891 1.1333816466403963 
1.1586095602448303 1.1586047987553731 1.1347574056465823 1.0898442565874367 1.0295142042095036 0.9623926841519934 0.899877192911139 0.8548494297734736 0.8383479144727342 0.8548620544598704 0.899899105064449 0.9624189050902853 1.0295398358694037 1.0898653410299768 1.1347711496470623 
0.4964305096965416 0.8304887599162211 1.139569106745074 1.4028101613376298 1.6067876298838681 1.741878578839608 1.8018823980326535 1.784073097741354 1.6892582583715956 1.5217598734153042 1.2893382983157124 1.0032376215007242 0.6792958963142067 0.3485795026285622 0.2132085410970624 
1.1507774499955108 1.1453927132438468 1.1178546579384172 1.0714891874687118 1.0123964584790512 0.9494545920145658 0.893863879985842 0.8574675875520203 0.8492700816892568 0.8714578758743956 0.9182519337251732 0.9787861216886407 1.0411962713767458 1.0952582457990891 1.1333816466403963 
1.174727882775701 1.1742968659584119 1.1479983091281487 1.098784165429188 1.0326528270254223 0.9588577250212599 0.8898577595696158 0.8400859812430982 0.822185435756574 0.8412640159081495 0.8918888553951743 0.9612697353582582 1.034995116964072 1.100701563918938 1.1492442995970162 
0.49625218758469025 0.8302998320337669 1.1393904817870946 1.4026530348666932 1.6066603096758183 1.7417874308771637 1.8018319420501492 1.7840659510721633 1.6892950866237393 1.5218393933996084 1.2894573336137638 1.0033911225375 0.6794762067155313 0.34876421453859935 0.21316053402094268 
1.150694285385581 1.145250991868604 1.1176726090787013 1.071291225346412 1.0122120775538983 0.949316026529507 0.8938008604923305 0.8574979241976385 0.8493892772449596 0.8716372509208885 0.9184498743658399 0.9789630308518189 1.0413230417499562 1.09531794222705 1.1333682725524516 
1.1890737827112903 1.1895424717909109 1.1622381828079729 1.1101164338629135 1.0393138108826516 0.9594560524861612 0.8838019756426132 0.8282121788331924 0.8071556275185592 0.8268944755686357 0.8815447563845402 0.956794811100335 1.0367451606582687 1.1080229379960287 1.1608815028569424 
0.5311724560417833 0.8707963624545481 1.180455753690573 1.4414862437263407 1.641087006843512 1.7700111630479054 1.8224051996931112 1.7959078465275322 1.6917121930530137 1.514533075020417 1.2725061922565915 0.9771942938691706 0.6446665223684956 0.3075434436409207 0.21766650027422846 
1.1509380567880925 1.1455169475734872 1.117925485634357 1.071495131646807 1.0123337031929545 0.9493298414561986 0.8936973346750727 0.8572931900094557 0.8491283816781766 0.8713817675389327 0.9182553793593258 0.9788638807215908 1.0413306367803354 1.0954257959581442 1.1335575806923552 
1.190738818045203 1.1912346076292875 1.1637482388507268 1.111243242621438 1.0398790072751636 0.9593300818175985 0.8829515156709609 0.8267684376467914 0.8054510551239672 0.825370067167135 0.8805579184548066 0.9565103851992194 1.0371592806875056 1.109027700267756 1.1623129048953418 
0.5215683922199018 0.860287740575329 1.170160438768865 1.4320558434096036 1.6330283055000394 1.763733656463126 1.8182248285199358 1.7940422277932166 1.6922761823557009 1.5175378832292354 1.2778638310406414 0.9847281075276325 0.654112377058037 0.31803042837680023 0.214530407600666 
1.1508922761343743 1.1454389339829159 1.117825270411479 1.0713861508408873 1.012232191506385 0.949253546171489 0.8936626299173727 0.8573098884734786 0.8491940077949376 0.871480523730245 0.9183643481727832 0.9789612630666117 1.0414004139306 1.0954586505620596 1.1335502147751408 
1.1906430583864094 1.1910772115205157 1.1635481044521765 1.111025107146963 1.0396728884900586 0.9591700019147023 0.8828715509743079 0.8267928742257338 0.8055791204984702 0.8255686442455681 0.8807759120173623 0.956701151312959 1.0372914460276368 1.1090850662382932 1.1622912246180306 
0.520065693296442 0.8588469029899636 1.168894718215391 1.4310316227444033 1.63229410790419 1.76332312174208 1.818156530505427 1.7943192477066177 1.692886024097846 1.5184527949080184 1.2790412194981349 0.9861095405655677 0.6556117549488704 0.3193878556068234 0.21363579551823755 
1.1505764036955213 1.1450500555138532 1.1174144678645852 1.071010509390951 1.0119506289267783 0.9491195728277491 0.8937115646382073 0.857541018990001 0.8495583504375378 0.8718916237423051 0.9187305599572556 0.9792139070012585 1.0415028438854679 1.0954026492760576 1.133349366756661 
1.1906430583864094 1.1910772115205157 1.1635481044521765 1.111025107146963 1.0396728884900586 0.9591700019147023 0.8828715509743079 0.8267928742257338 0.8055791204984702 0.8255686442455681 0.8807759120173623 0.956701151312959 1.0372914460276368 1.1090850662382932 1.1622912246180306 
0.4956526439868247 0.8309779577349372 1.140959797641658 1.4049103071018965 1.6094357431411181 1.7449126983268937 1.8051336351298277 1.7873665053510457 1.6924159031196389 1.524603417923913 1.2916876599899616 1.0048965480712728 0.6799857314375134 0.34756915730614774 0.2101187426157695 
1.1513271616735599 1.1454929980822914 1.1174866300445834 1.0706910462817902 1.0112707025956347 0.9481742750355415 0.8926672506100732 0.856619702435991 0.8489788891988201 0.8717865096063605 0.9191033234716647 0.9799645806333134 1.0424806594528284 1.0964465957673781 1.134310123380383 
1.1901024553291395 1.1901425967941277 1.162331494968413 1.1096764049163956 1.0383769323283645 0.9581394455221091 0.882323412254741 0.8268881535355865 0.8063266571243487 0.8267751213311888 0.8821298595360859 0.9579113402681358 1.0381568367438603 1.1094970656624163 1.1622152922273692 
0.490461107224852 0.8269886869728421 1.1382508589008746 1.4035301852989135 1.609399484604284 1.746188394253377 1.8076371556581976 1.7909611009140285 1.6969145502053082 1.5297719320300343 1.29724475864947 1.0104986862296321 0.6851374219769116 0.35093303923291497 0.20542907461578566 
1.1505804919437688 1.1445271541687492 1.116428014087364 1.0696858648905871 1.0104750895815802 0.9477365342031994 0.8926951067666269 0.85713221875721 0.8498692505613767 0.8728428097819604 0.920088544663516 0.980691580697718 1.0428402493456852 1.0964019993276206 1.1338820306685848 
1.259184464781992 1.2641184566323274 1.2326131029894132 1.1675467372916026 1.075402061910699 0.9669766368295428 0.8585557843768677 0.7726159567236679 0.733985564905067 0.7566899148955063 0.8322366211360065 0.9370664964648379 1.0473474341579034 1.145123108156099 1.2182519870765698 
0.4900284427580377 0.8265518282027046 1.137852535715617 1.403193441844843 1.6091412103494505 1.7460209710881571 1.8075685523688119 1.7909947437500717 1.6970492507861576 1.530001935415888 1.2975598644386956 1.0108841238122945 0.6855713987753717 0.3513555366910131 0.20527384337125726 
1.1525881811600323 1.1467868369786198 1.1186410488503435 1.0715399331443476 1.011670619093768 0.9480305500040939 0.8919729373503487 0.8554962002980182 0.8476777530972462 0.8706145426192673 0.918311147297392 0.9796841490545164 1.0427297144726262 1.0971606085357417 1.1353720443025648 
1.259184464781992 1.2641184566323274 1.2326131029894132 1.1675467372916026 1.075402061910699 0.9669766368295428 0.8585557843768677 0.7726159567236679 0.733985564905067 0.7566899148955063 0.8322366211360065 0.9370664964648379 1.0473474341579034 1.145123108156099 1.2182519870765698 
0.49379146536536167 0.8322615387845079 1.1444841410993971 1.4102011253588154 1.6160923097884003 1.7525318660642115 1.813294408697024 1.7956325863843123 1.7003436487831076 1.5317486289279492 1.2976028265575656 1.0090962128442047 0.6817849468968376 0.34515983313248105 0.20239276753012622 
1.1471408972771688 1.1391660714749032 1.1098409325609178 1.0627693476439484 1.0042797483649422 0.9433711544175645 0.8911254841250187 0.8588461324851913 0.8545481654412982 0.8793665980037458 0.9269708811268185 0.9865862459985 1.0468012288766038 1.097918546295395 1.1328252120205453 
1.1710977912159728 1.1604112183044843 1.1255143991721543 1.0704899162759698 1.0024696935823427 0.9317477500166763 0.8713359417881361 0.8348637075824991 0.8320018476225898 0.8635624763004938 0.9210232034660344 0.9910232734684837 1.0602488267348626 1.1179140898472337 1.1563831590565423 
0.49379146536536167 0.8322615387845079 1.1444841410993971 1.4102011253588154 1.6160923097884003 1.7525318660642115 1.813294408697024 1.7956325863843123 1.7003436487831076 1.5317486289279492 1.2976028265575656 1.0090962128442047 0.6817849468968376 0.34515983313248105 0.20239276753012622 
1.1455523145133766 1.136426832280276 1.1063056245040108 1.0589189496112568 1.0006990163165255 0.940698327455623 0.8899410954753358 0.8594826064751706 0.8568969377784527 0.8828638374232349 0.9308209048677519 0.9900353059164897 1.0492895309975312 1.0991129612936443 1.1326005159883332 
1.2091233276845241 1.184202581769857 1.131727151964544 1.0575464697850383 0.9711905430472202 0.8862948118982502 0.8201178470460203 0.789912168560194 0.8050038941937088 0.8606052882109703 0.9411581523421819 1.028760100876296 1.1083811629288702 1.1691195736309303 1.2039202007889722 
0.4892392964782916 0.828412343267105 1.1415218632153314 1.4082326994517533 1.6151848783627294 1.7527096230158499 1.8145356791960017 1.797869139110259 1.7034618774511923 1.5355916756507753 1.3019713535497073 1.013739994151559 0.6863453297949414 0.3486743660785528 0.19902645973692334 
1.1455523145133766 1.136426832280276 1.1063056245040108 1.0589189496112568 1.0006990163165255 0.940698327455623 0.8899410954753358 0.8594826064751706 0.8568969377784527 0.8828638374232349 0.9308209048677519 0.9900353059164897 1.0492895309975312 1.0991129612936443 1.1326005159883332 
0.5007664555643793 0.8427826957407275 1.156738468214674 1.4232023964717226 1.6290481643252535 1.7647336687257718 1.8241007853694644 1.8044762089206672 1.7067424510550575 1.5353130521542893 1.298030642280042 1.0061357589437259 0.675097948776649 0.33385724088971547 0.19736114877040706 
1.1455213675809877 1.13637334433942 1.1062365272778174 1.058843668864672 1.0006290257037525 0.9406461471994751 0.8899180840413471 0.8594952123016933 0.8569429636999423 0.8829322406786732 0.9308961788051288 0.9901027721963224 1.0493382673316574 1.0991364407616477 1.1325962585268943 
0.4752319257441507 0.8254597226475144 1.1471879386550239 1.4212940450284741 1.634551687110195 1.7771903994540272 1.8427888256937166 1.8284130258081328 1.7347051208721789 1.565862913768712 1.329521177446213 1.0366403670613475 0.7019567656883218 0.3501414594452666 0.16790407346159933 
1.1455213675809877 1.13637334433942 1.1062365272778174 1.058843668864672 1.0006290257037525 0.9406461471994751 0.8899180840413471 0.8594952123016933 0.8569429636999423 0.8829322406786732 0.9308961788051288 0.9901027721963224 1.0493382673316574 1.0991364407616477 1.1325962585268943 
1.1455120766499034 1.1363570360855586 1.106215313104342 1.0588204393756964 1.0006073167355531 0.9406298355620891 0.8899107103038197 0.8594988228884634 0.8569569450182065 0.8829532351569891 0.9309194213395245 0.9901237238612391 1.04935352900453 1.0991439604859645 1.1325952306753437 
1.1455120766499034 1.1363570360855586 1.106215313104342 1.0588204393756964 1.0006073167355531 0.9406298355620891 0.8899107103038197 0.8594988228884634 0.8569569450182065 0.8829532351569891 0.9309194213395245 0.9901237238612391 1.04935352900453 1.0991439604859645 1.1325952306753437 
1.1444145889969688 1.1348580493100864 1.104512680904337 1.0571523625493884 0.9992363567015579 0.9398126910432498 0.889841800303865 0.8602289739213821 0.8583328039783662 0.8846501174339646 0.9325633077500275 0.9914059446386279 1.0500784822404508 1.0992272961892868 1.132045865628508 
1.1460928432445252 1.136766570540386 1.1063955125344078 1.0587384005974743 1.000263767305584 0.9400696726820427 0.8892313268096484 0.8588434098383453 0.8564782138015086 0.8827585408542701 0.9310380531422173 0.9905155540191656 1.04993743549445 1.0998225855179424 1.1332702262021062 
1.146112979438315 1.1367796405461377 1.1063996385889185 1.0587327146705325 1.0002487041810777 0.940047320995776 0.8892056563026683 0.8588198923305506 0.8564623590061 0.8827538783919183 0.9310450948821063 0.9905323042139876 1.0499605365536315 1.099848245234045 1.1332947613134183 
1.1444708518105695 1.1348414332663255 1.1044243591793144 1.0570028186996927 0.9990462103849455 0.9396129035190699 0.8896712521102836 0.8601264165234174 0.8583233189679764 0.8847344820347811 0.9327196413956765 0.99160065200633 1.0502767497182695 1.099398922104951 1.1321675822787691 
1.1444708518105695 1.1348414332663255 1.1044243591793144 1.0570028186996927 0.9990462103849455 0.9396129035190699 0.8896712521102836 0.8601264165234174 0.8583233189679764 0.8847344820347811 0.9327196413956765 0.99160065200633 1.0502767497182695 1.099398922104951 1.1321675822787691 
1.1449656671463286 1.13541184345199 1.1049938796585481 1.0574895493860659 0.9993700822394678 0.9397078741440129 0.8895048762152066 0.8597227752892153 0.8577713452533592 0.8841627298213341 0.9322501923344563 0.9913166546154926 1.0502156751571972 1.0995598487491371 1.1325208142455017 
1.145760964027933 1.1362809114685584 1.1058197142090378 1.0581522395910026 0.999758387680686 0.9397380612061165 0.8891494485966197 0.8590412618129809 0.8569154628737 0.8833312737074754 0.931618666473027 0.9909934905856542 1.0502380778947378 1.0999085768495163 1.1331364336403071 
1.1444658291772452 1.134545934750955 1.103874245089935 1.0562693384424864 0.9982359500794916 0.9388634472146075 0.8891343805166666 0.859929863416089 0.8585191543584051 0.8852719488943939 0.9334702964125838 0.9924106893206952 1.0510069847469925 1.0999424290482902 1.132453957308759 
1.1444629246624491 1.1345411508230483 1.103868204843004 1.0562628723319787 0.9982300533090818 0.9388591866693172 0.8891326966065178 0.8599312465578809 0.858523342114136 0.8852779407008805 0.9334767467726707 0.9924163541578311 1.0510109574194173 1.099944185249306 1.1324533206558862 
1.145907476228889 1.1361074353736331 1.1053450096326272 1.0574350651718412 0.9988997421515826 0.9388800151739223 0.8884616335504931 0.8586828641482324 0.8569762686966577 0.8837910006443404 0.9323624821615607 0.9918645301200398 1.0510830479135072 1.1006008281609143 1.133583784915032 
1.1459294085311633 1.1361243849555895 1.1053545986818254 1.0574356867424723 0.9988908821643163 0.938862676025211 0.888438733816545 0.8586591702393602 0.8569572723592944 0.8837809866818997 0.9323631871132703 0.9918752162533119 1.0511013685609065 1.1006236632963196 1.1336077891239007 
1.1556870441875093 1.143799820578058 1.109878611011161 1.058058843331741 0.9953275535720522 0.9314872473150676 0.8784830407960117 0.8482081317410134 0.8484580908820989 0.8791651803826105 0.9324349876625228 0.9963461043784274 1.058975200983965 1.1105612969552265 1.144162439924401 
1.157534948055785 1.1451245446406784 1.110493789979779 1.057852749744718 0.994291057988741 0.929751111869749 0.8763510355855839 0.8461401296015773 0.8469480032734477 0.8785545152559238 0.9328100043363146 0.9975757765067332 1.0608059264906238 1.1126928730750985 1.146292303869531 
1.1634892858603119 1.1497529590097564 1.1131558191244457 1.0581015962012965 0.9919628075942585 0.9250913901590465 0.870147613416475 0.8397224830199325 0.8418552554296865 0.8759543435023022 0.9331306410025392 1.0005725639601897 1.0658257200387733 1.1188989823293394 1.1528000555539164 
1.167266450018867 1.152818758262152 1.115091056573414 1.0585917602249393 0.9908540120214778 0.9224736395848082 0.8664506562417797 0.8357380839719539 0.8385471218641334 0.8740897651005319 0.9330315164674066 1.0021419872887565 1.0687049089149139 1.1226034925062376 1.1568024036962394 
0.5006244521379103 0.8104586612350586 1.103882441829587 1.3559642832913348 1.5523766899063567 1.6832966475036422 1.7424795664728205 1.7271533869343993 1.6380334556649618 1.4793159623027992 1.2586805618049737 0.9875783113732478 0.683208558832842 0.38287917519968095 0.26483976014298577 
0.5005683011616221 0.8103991857809402 1.1038275270504327 1.355917663356091 1.5523409123839305 1.6832735249033843 1.7424702496399467 1.7271583663931014 1.638052556434543 1.479348345500548 1.2587247182502352 0.9876319602503365 0.6832679328247965 0.3829326476808257 0.2648253471751688 
0.4970686708104704 0.8114301028490205 1.1080228706050914 1.3625448416897075 1.560811484755057 1.693017428378528 1.7529043771455095 1.737684438307852 1.6480638430578232 1.4882344271039831 1.2658608344317799 0.9923186792646784 0.684490350203589 0.37834647088786594 0.2545873670908431 
0.4970686708104704 0.8114301028490205 1.1080228706050914 1.3625448416897075 1.560811484755057 1.693017428378528 1.7529043771455095 1.737684438307852 1.6480638430578232 1.4882344271039831 1.2658608344317799 0.9923186792646784 0.684490350203589 0.37834647088786594 0.2545873670908431 
0.4873913003482326 0.8110323100761134 1.1144120671518802 1.3743978909548427 1.5770407695407156 1.7125313079280169 1.774548010162384 1.7602375522790132 1.670256502208607 1.508759673026527 1.283356866334839 1.0052485057431766 0.690628779295088 0.37227981522815984 0.23217507814767438 
0.4873913003482326 0.8110323100761134 1.1144120671518802 1.3743978909548427 1.5770407695407156 1.7125313079280169 1.774548010162384 1.7602375522790132 1.670256502208607 1.508759673026527 1.283356866334839 1.0052485057431766 0.690628779295088 0.37227981522815984 0.23217507814767438 
0.4873690452802857 0.8110426965842874 1.1144451033391145 1.3744484007632622 1.5771045600171605 1.7126042780048132 1.7746259443842658 1.7603161200658481 1.6703313191031515 1.5088263503082324 1.2834109591507885 1.005285129324856 0.6906409765471051 0.37225067826478025 0.232098989215309 
0.48998389395328146 0.8143900823590942 1.1179690030593747 1.3778686958647275 1.5802129808014571 1.7152295953406202 1.776627862399873 1.761585758662136 1.6707928158589778 1.5084375887793455 1.2821622064556242 1.0031943665256147 0.6877482299550454 0.3687355802728926 0.2314728510932773 
0.4864027395806027 0.8155374841903423 1.1224592997994558 1.3849835534855819 1.5893631290754238 1.7258306192522097 1.7880718912738638 1.7732420977807448 1.6820174244194632 1.5185809556715213 1.2905626047159773 1.0091225453967738 0.6901654664376701 0.3650598973251304 0.22015338543528104 
0.48696504926521994 0.8164071918550526 1.1234655686532862 1.3860387740127118 1.5903998740249314 1.7267902599159877 1.7889025299640238 1.7738988096829278 1.6824629803397513 1.5187862644237808 1.2905062046024063 1.0087878173528726 0.6895316918894666 0.3640888102970636 0.21968693352825794 
0.48566009763862705 0.814964689147338 1.1220699843488229 1.3847842776033774 1.5893555933725645 1.726009902519668 1.7884256836485424 1.7737506144069282 1.6826537036211562 1.5193112432935767 1.2913462382100507 1.0099094763803291 0.6908825725751389 0.3655133912267283 0.21952941668631487 
0.48432975104107684 0.8168158647144541 1.1260727743160037 1.390409217678848 1.5961713866422422 1.7335970680003823 1.7963581032513085 1.7815967866405535 1.6899837480961872 1.5257026805276361 1.2963802299074676 1.0131363237255449 0.6916710194841801 0.36228847757337007 0.21214155065271997 
0.482553348683067 0.814960941166541 1.1243460696806031 1.3889174862589275 1.5949923712512526 1.7327889065897812 1.7959602864307687 1.7816296858213845 1.6904482345844045 1.5265802212126192 1.2976333451547422 1.014708205111102 0.6934760311482377 0.3640884647142633 0.21170638024413474 
0.4817543590912745 0.8141480210366446 1.123604664629798 1.3882916048331628 1.594513724573193 1.7324805464692068 1.7958369148490891 1.7816974560279952 1.6907046301559383 1.5270141387720733 1.2982252746568665 1.0154298327619706 0.6942850300569005 0.3648688033726868 0.21146813540930748 
0.4817543590912745 0.8141480210366446 1.123604664629798 1.3882916048331628 1.594513724573193 1.7324805464692068 1.7958369148490891 1.7816974560279952 1.6907046301559383 1.5270141387720733 1.2982252746568665 1.0154298327619706 0.6942850300569005 0.3648688033726868 0.21146813540930748 
0.4817543590912745 0.8141480210366446 1.123604664629798 1.3882916048331628 1.594513724573193 1.7324805464692068 1.7958369148490891 1.7816974560279952 1.6907046301559383 1.5270141387720733 1.2982252746568665 1.0154298327619706 0.6942850300569005 0.3648688033726868 0.21146813540930748 
0.4817543590912745 0.8141480210366446 1.123604664629798 1.3882916048331628 1.594513724573193 1.7324805464692068 1.7958369148490891 1.7816974560279952 1.6907046301559383 1.5270141387720733 1.2982252746568665 1.0154298327619706 0.6942850300569005 0.3648688033726868 0.21146813540930748 
0.4817543590912745 0.8141480210366446 1.123604664629798 1.3882916048331628 1.594513724573193 1.7324805464692068 1.7958369148490891 1.7816974560279952 1.6907046301559383 1.5270141387720733 1.2982252746568665 1.0154298327619706 0.6942850300569005 0.3648688033726868 0.21146813540930748 
0.4836370218118269 0.8172041711900047 1.127219628896596 1.3921491398788672 1.5983676074237412 1.7361136021345487 1.7990537517506249 1.7843256257004279 1.692597583593098 1.528053158546178 1.298317767925107 1.0144984848659473 0.6922298784310313 0.36146704862681583 0.2095203357414215 
