2.356082388495459 4.741436056625523 9.449399821009841 18.87672338795971 37.782552353339604 75.05110444017316 149.33841906190617 283.9829802976833 598.6185170245278 560.9667890255879 1775.7821226565318 4255.867868152273 4630.298428141122 19475.52267538853 16329.32794349843 
2.287510799326148 4.56881492706941 9.14674428641745 18.285854676913953 32.343296554254856 73.11918833189746 142.0497056538252 270.3813248515147 571.5214180566594 1050.9370890983596 731.3091813482838 3602.75541501811 6762.859450512648 7442.694415660565 36695.938615787054 
1.7624303708902769 3.9880884959836753 6.732140051398948 16.354002213246027 27.435345799131312 55.50759138322958 109.3952158959311 160.8095272661293 451.3498739056299 448.8912744946965 1723.526219375178 3664.096593993082 8376.293616646028 7230.525800968146 30368.931221438907 
2.0190555959360013 4.00687677637085 8.105792477133502 16.233203746248023 32.2798269721623 64.67990320195092 129.84898343865908 258.725913559525 518.7861761184417 1031.4333740878826 2049.3936036271184 643.1790137676702 7612.042685712339 8895.891804983186 24971.477650430388 
1.9879359923546631 4.004167099143536 7.966679943773966 15.95631357608781 31.656248493417905 62.992778107237534 125.54476967718549 254.94172968962738 509.8156425373161 1011.4288438408624 1656.386766565119 1269.05733515874 7913.025014797356 6605.676510734055 21370.906850128897 
1.9816562866724123 3.9884501700936634 7.966184029508653 15.658046752570497 31.12301373086276 62.99588171547811 125.72784374077678 238.24933481703965 490.5714080320315 964.9979624588202 1297.5869441816237 1447.5257587994915 3164.7295876004073 13589.266367522358 28557.689040551493 
1.9697536396892983 3.977523095108869 7.917776545783239 16.04204783902138 31.33170715734373 63.27922921978863 126.25535507058417 255.46606153299285 500.74204466932343 1006.681206111222 398.8567554350882 3385.406395020873 6517.732698284977 8817.593596653609 24836.107112476475 
2.0078362757630877 4.015726265946756 8.031331311277354 16.06274305686108 32.12434059549888 64.25071542312935 128.49791711305045 257.00382003052744 514.0113058765785 1027.9983096808764 2036.4729153577202 1871.9799980158748 4858.49891023091 16057.89163394908 8832.757828409169 
1.9202093997048073 3.979503918193812 7.752874257536614 15.50848573415344 29.85956192232683 61.43196615680953 122.11990989520581 246.87935462604892 491.1722078798903 970.1610801857596 1087.3062319991518 3383.5950490563605 1669.6285278666153 12737.412068522033 26569.8061975587 
2.0018703792360806 4.015466413802561 8.003930486013166 16.031986384187682 32.017055404400814 64.07077959113587 128.2003791096477 251.11892877148136 510.83287713781357 1021.52279177025 1782.6497288146418 1408.6818102468467 8101.059276831501 7358.373899065811 16650.945728972147 
1.9987425727065025 3.8459367537951765 7.802057711022795 15.556956137636693 30.868755517872046 61.18439314032396 123.6065886440551 251.6178111651884 464.281010434409 948.8306551566025 692.3758663233785 2029.9646919087304 6166.38100938681 16158.164476304937 17597.941023895 
1.9429950891381749 3.9437326117341844 7.862849272211793 15.239962578782842 30.211832597955677 61.61698423404774 122.80347562929411 219.43629114244928 466.5505513490316 945.3977608394522 669.4885205055878 3398.2120431381595 3352.8630688632556 13720.126604916206 23328.464435140813 
2.012665321264612 4.025652351054914 8.050720618680204 16.101621816203547 32.19057998640005 64.39886902275096 128.75872960794078 257.35682477245973 514.9596599158432 1030.6376881059302 2049.133534339777 3774.965333349387 3197.5451115791493 10095.117905281946 10427.927607240368 
1.9978776464252477 4.0022911416087465 7.955406652121988 15.869578771240315 31.866601442303175 63.45973250419787 127.41704856608952 254.91119383830568 508.2480702167413 1015.2146726006024 1005.6506362272492 3637.6171505938796 6995.521587593317 13305.834298390844 6012.937251353929 
1.9668225209335988 4.018537201752444 7.914044274042554 15.684947493777882 30.801920646148385 61.087571654780916 123.06871473825642 252.00380172970677 512.9722129793687 1020.1268069688224 1149.3341239345116 1658.4603956725257 8207.736322297533 16082.523247411234 11193.702089390845 
2.003217145542034 4.006196195583319 8.010989145344114 16.02135503505862 32.030617745594284 64.0923096034301 128.10478450876772 256.28037685462397 512.5364312700455 1025.0559583764493 2031.5999110234243 4102.196664206222 475.209484693707 11319.81231501307 28681.23642470435 
1.937267327665251 3.9362105513419516 7.890638656366108 15.787274082799971 31.310332799797088 62.18167507134109 120.8375998546655 245.37643750040976 490.8109715803827 973.747838466858 994.2964580594107 2911.9000515529456 7296.830187419543 7869.634208872563 13561.724114584422 
2.0040999582181773 3.9543613226714385 7.95182517683746 15.721862298153873 31.440740059258744 64.00703161162163 126.40520052553704 252.92862075517453 512.9731202563682 1011.0329299634196 1483.8170069964885 3550.4741524700494 1480.2817957698883 8888.148952665675 28095.48382474082 
2.010411915232142 4.020992684373153 8.041715721193142 15.900849289689324 31.993130241707934 64.09190465686892 127.87511750658291 255.36064770695995 511.0394207798765 1029.0012339689367 1898.0179547818375 1267.0693140505111 5867.205951761563 5905.627910292852 28254.966306565144 
2.0039183695292446 4.013142675192189 8.005897314610506 16.033596063781722 32.027239362316294 64.00585424140311 127.74010615588405 255.57150942329105 511.53665615967566 1022.7869499038909 1014.59854566284 1955.6245343675193 8060.77362916716 10486.881787822193 13783.17192808762 
1.9884670210275885 3.9977254607216963 7.963185103897068 15.94422571097724 31.812763223824522 64.10580585125271 128.44755030338504 254.95020589303095 509.5790319639562 1018.8079768538039 2040.313997520133 2746.3811126074315 3197.5659317506174 5781.676386803149 22725.65569362719 
1.7789261748317564 3.966316408564951 7.953951893941217 15.845724221392711 29.318689254496267 61.52840217058527 112.54031936596206 244.33204128378546 464.70519523460143 923.5040195998845 1229.5393284648974 2753.060204197635 3148.5097323007003 8715.271917163884 24778.9527390203 
2.0049220136240793 4.016121332390949 8.025429246556447 16.044452960404993 32.06600088601748 64.1424482428145 128.31714344858625 253.72242419688698 510.6233443191476 1020.588049848725 1909.689517826666 2889.5126592812144 2207.8979975379266 14148.455890672723 13411.153001352548 
2.0003554483300334 4.0109462373921705 8.008835759146068 15.989092519277897 31.984179588130374 64.01902371417688 128.00900615151517 255.5771324431477 512.3572356209601 1024.1114644997433 1944.427915798358 3254.219987202536 8115.970139590872 2589.7684405476634 16639.95043857831 
2.0023041398512316 3.9412241519498608 7.938674597317109 15.868195276747905 30.764077871042584 62.66474481990364 125.25179917793523 234.41121721112438 458.65158816456733 964.3230670099817 2048.926971549569 1441.9739315945617 4825.722854817756 15024.367283418753 12783.014904076337 
2.001352248892423 3.986806556299811 7.987147416081916 15.98774968579833 31.842337655099122 63.595741162633566 127.77113706665834 256.1758037012561 509.39212289257404 1021.9147246623525 1481.8512013640586 2269.96744313306 3375.4915257369184 9428.068860185242 18241.25303732754 
2.0035815092843334 4.007323715095735 8.01447109836435 16.028140938830916 32.05684506017925 64.11045652804532 128.21076397172445 256.39491453588124 512.7897245357819 1025.562598058999 2010.6261034737408 2568.5138126991524 7943.370817253844 2200.0252758742677 22003.041973053343 
1.9640672428999202 4.001063377897443 7.899218929366212 15.8002439379338 31.028245565921008 62.10521806116376 125.11706588803793 251.54061280260143 501.59886336423546 989.1620250523383 1512.6631200614695 2540.793396046391 2918.3157005990124 7063.620026136238 26797.482462290245 
1.9852150850893473 3.8859494941106334 7.814636994302274 15.205438113986668 29.937093948458394 63.52205675276621 128.3209478363364 248.19796974155207 489.1948894020506 979.7935625646579 1199.2978611692167 2654.8622570267053 4769.58060988974 6291.603173248566 21022.776490721222 
2.0054034514260874 4.01102045960595 8.021437910041794 16.041884929208464 32.0835813544959 64.17167682899517 128.35346994715493 256.69528907131007 513.2792369306718 1026.6942817614104 2042.7182551576968 3989.2625106536334 926.8759423869867 15018.885647069403 17991.91222544146 
2.0221469081530055 4.044377221181311 8.088659931737888 16.177214778096303 32.35441537111229 64.70553613769842 129.4077591965823 258.6783088104786 517.3473989731663 1035.0299757286275 2062.652976413542 1964.0282136957562 7775.509048880182 11503.116378697783 6909.440272160005 
1.8264579359373294 3.7983968443036815 7.50846693758052 14.81340598242336 29.158007475133964 63.43189950934485 107.95702478667931 220.65075164464054 505.13662913779064 998.6297622642213 2015.7795883305425 3756.2793779108724 1945.2499659163207 10661.522920408197 17663.452740187742 
2.0120737990723705 4.025163712739458 8.049748961020667 16.09484828578686 32.194505823039655 64.36841635288307 128.81212950921739 257.2632485817883 514.6490944718133 1029.6661434218308 2037.605126456831 3760.016382936951 5172.33006776865 4501.995226397561 14180.699153870348 
2.0046687049827745 3.9994293187584673 8.006068293217737 15.9745609131311 32.00225350527663 63.94208610055551 127.83473666035754 255.8071426692869 513.1437417735499 1021.4557491493442 1959.8242945163072 1242.227732293737 4019.0544726187086 13365.245085770319 17582.606321940402 
2.205821073346442 4.415953241965992 8.835468695779436 17.649139430762293 35.30770082598075 70.29831447889948 140.84506727491507 281.3681631860646 549.7152258147275 270.89343049039957 2169.437929008455 3810.6689657569586 8931.10621004866 14856.208604450945 14457.765276892358 
2.0064305800977738 4.003732338267374 8.00418212906252 15.996820118129962 31.96794395253264 63.7837657309075 127.7013853349659 255.41239117435265 513.6230339758991 1021.8057174358323 1913.6578499616141 4012.1607292779877 3030.0431612212506 4278.760989522089 25683.084048199402 
2.0041181362242444 4.011066352153913 8.018301808424951 16.033502087660068 32.06310683339766 64.13401260692885 128.11211001054215 256.20057642414383 512.8018049215323 1025.0369281418937 2003.9010876018144 3695.5443672266592 2168.7169294134683 11424.845501347048 13319.989884417522 
2.000761855903799 4.011730534276428 7.975267155982906 15.940646032961261 31.846219477873827 63.87449365879032 127.08094657745602 251.69410201583074 512.9235772991011 1014.275167624328 2053.629973402091 2363.979033355211 6497.03867067099 4694.577486860687 15951.616848630236 
1.9756986345053034 3.985935658008904 7.914111589472368 15.610737253952907 31.40156921649668 62.74695315955691 125.03339714245898 256.233103712469 500.5021490932199 1000.917752268637 2018.1529651328517 768.0370554631173 5577.6161821455735 11156.266644550295 21052.779954102283 
2.0031701799738393 4.008980573365491 8.014443618143432 16.030661405011042 32.052597842422735 64.1194283135041 128.2018446265238 256.454998126633 512.4547619381199 1025.1650876840265 2008.6933001970342 4082.295922341146 4946.31323116892 2522.670127386428 21225.341121685677 
1.9879815317345209 3.972116886309471 7.936183541188265 15.728030959979865 31.55175735264051 63.43661058505126 126.40446818116345 255.78361873876094 503.40971747239905 1013.1644844119216 2045.522059204433 415.6629150205235 6225.2382993078245 11104.525812891387 27477.59926324136 
1.9979216014869103 4.007685520370077 8.003632300126778 15.989587111417537 31.93512303799334 64.23633482158392 127.95524762333625 243.91880536012127 487.88315767016246 999.8794140978774 2002.342442936891 1402.3204745217915 4114.817376428397 9118.709538909388 21974.40697035216 
2.0097443562481883 4.020503443388513 8.039572433420156 15.94767825305122 31.729436439585758 63.97981177846734 127.65668566340658 254.60256631839547 509.9468238094923 1028.4589073400252 1850.5995342886222 308.13927985867747 5389.984685884564 15995.347664970914 29151.840593086185 
1.986893907259484 3.998500306424448 7.968971822845871 15.866309537203273 31.63015722606896 63.66792918230466 126.50573257894226 255.2761287763322 505.9068914668586 1006.9997379729965 877.9831482648802 3505.163036784489 7068.785075206062 3380.7747198417464 31657.885413711338 
2.0029938428307155 4.011817683587312 8.014417231541072 16.011815446374715 32.03433585028791 63.957452634222555 128.0432915870062 251.67913745489685 507.74293886435953 1018.49227455879 1826.0774229332083 2528.2634114779803 7718.103085722489 1830.827642373489 25826.525568985733 
2.0011977435783583 4.003550535719303 8.005799038626032 16.006652497553475 32.024170235239374 64.041011414578 128.0893391261074 243.15621864713972 498.6343722921312 986.1328322281919 1467.5101859056585 3244.7739074262954 8153.80170021292 16021.729107513942 2199.0146242371065 
2.0064207927944673 4.013258180526594 8.02622847226992 16.05342996754588 32.100019617587186 64.21530994482998 128.41276360401835 256.86482365090353 513.6044316946083 1027.2012737311986 2046.0841561243992 3550.751371771579 6084.778917884051 10346.92610484043 3906.897721171929 
2.0125556952087176 4.025587019992453 8.050375410339555 16.049958812905594 32.12088207305729 64.40021371157799 128.4568272214074 256.9336287988408 513.8996824663413 1027.3860211077467 2010.818185988794 3284.8594350083736 3578.142725089069 3539.6583606997096 28213.63388504093 
2.0050706139048122 4.010147892582444 8.02028630401499 16.04054427344901 32.08108090182856 64.16210066938564 128.32429929987433 256.64867793461883 513.2967999893631 1026.5942973502038 2053.0970062581973 4102.633973200605 4992.784349686242 1671.4207485077295 26327.139895666725 
1.9842023640582216 3.9977732535517316 7.9618172544353625 15.808180244945248 31.597689824072376 63.425396918348596 127.81382733973284 255.19155190042204 505.61268032393207 1006.9475392540683 2019.0758600687177 2727.283972709552 7439.807233102075 8893.018888009223 6000.613743808701 
1.9975048726498077 4.003792363759116 7.993793501608661 15.95201098929966 31.886759853395354 63.616504392065 127.28809562444974 255.13272318160756 508.97581662504444 1018.015172021784 2025.4619114681043 4085.9497749684087 3028.273634025935 16313.214028904771 7365.4202032198045 
2.0008675725644225 4.002938445609991 8.00398751933842 16.00499718499737 32.00757464383098 64.02934882038473 128.0131997937744 255.75835401009573 512.07586237874 1023.7471894150666 1975.0723645515272 2177.7415366850673 7340.853119679123 15292.558393169342 4140.177215540211 
1.9974749104559384 4.025539383157813 8.02899864202088 15.957723887845546 31.796782631658882 63.33764396455848 128.80484054530888 254.74840421646653 0.9348868159358924 1030.5245417305864 2044.8048368522245 4119.437510170027 8166.553213737488 15700.314451450322 32277.919957996426 
2.022050142131036 4.044100284262072 8.088200568524144 16.176401137048288 32.352802274096575 64.70560454819315 129.4112090963863 258.8224181927726 517.6448363855452 1035.2896727710904 2070.579345542181 2121.60054141472 8032.593457069249 2144.8779956247963 31179.44950247655 
1.971761097488433 4.004779848406807 7.934384055463817 15.782832890750415 31.72721237724895 62.285162591691325 125.589048227012 249.77339381702492 503.0128912091859 1004.3944880901568 1987.651405032582 1660.3890836872338 1665.956709405251 15372.549635044827 31886.82842934015 
2.0129294581363832 4.039797559006453 8.054532989590886 16.162789820186948 32.200906041930494 64.20339303443289 129.20035306900385 257.10586701514865 516.9151203994439 1009.6237583117339 1299.8432132028775 3918.458250404184 7730.479943506211 1263.0281765552816 32682.786706996405 
2.075415282642892 4.164162259942332 8.334853415646933 16.57656817538914 33.002351283105185 66.35685984780764 133.34232625022017 267.33523945520966 532.6573337426697 1063.8682680553447 836.9706532997575 888.8494377939372 8569.400115785713 17063.561506531405 34277.60046314285 
2.1816357051818507 4.363505649625308 8.726659711562656 17.45378609803082 34.90699184168021 69.81293338728963 139.62386492013115 257.3763212072808 547.4684779261141 475.9455449483924 459.4397141122498 4465.287780141787 8858.403502286319 14646.519680231946 35048.82585520395 
1.8478476635801508 3.9380561227813318 7.622159672958057 14.805082811007878 28.401901466155003 64.63001536000229 125.9226863617394 243.81807545699812 399.02882446355744 961.7400898595367 1659.2221743188925 291.0024627972503 8259.12937130481 15647.05540643326 32781.569086301795 
1.998936785771661 4.031704622559601 8.004782924282368 15.657450465962052 31.306773084724046 61.87749910752657 120.93283888519277 255.92718229609602 503.055116243542 1033.7179219383345 2024.4951188087875 4031.8153487042096 109.98930234244295 15299.35786597872 29658.336208012726 
1.9892952771605288 4.005502739318711 7.980047258058441 15.953698750466161 31.863105833145145 63.92942960453009 128.33309271564437 255.65436254419095 507.17783190663755 1015.0548455672102 2034.447912558763 4066.3032884912855 8208.69331222256 26.852932005871327 31196.416053181452 
2.0346546377916437 3.9452596126997315 7.7953214887039906 15.914181397714138 32.13819091052678 63.4107333784284 130.0230503783249 250.59464207518155 7.942394540398465 1034.7674433904717 1929.8036535366405 4035.1119422763904 7470.269937841752 16552.92374120142 33358.10804015256 
2.0040697306822386 4.041108907961275 8.033343224145703 16.066574343798013 31.974511734037925 63.81677947690928 127.57161184340181 254.2458206904135 509.76206920037436 1006.9195951970298 1474.1704871778957 4089.7593566589903 8171.716701407326 16246.952139536923 1451.771269100042 
1.9900633839090585 4.023823053094983 8.001125463493882 16.03015154489281 31.88506670673911 63.628234931497246 129.06506005088016 256.6038710242698 513.4439638211906 917.9333806489158 1904.6679921126554 3769.82981839033 8268.749190574077 14957.856630572804 623.7243900687859 
2.003385884968443 4.0120612783508065 8.002614993119089 16.02616176021679 32.03774956899972 63.9658235349277 127.9713856328319 253.72255804429696 510.6503833630146 1021.4907412299589 2049.6326781080143 3824.216336852148 6851.7178214676405 6835.209527037807 6859.528888613517 
2.0170475736757725 4.030561009288317 8.053538487296118 15.76041025415966 30.604483490096978 58.57909133891203 129.68290860399622 246.54725930004614 489.2739173812773 562.8337554044625 1595.3272173009755 4184.018216528887 8191.424753748085 9233.373748199825 9711.51523181281 
2.0150652280990435 4.030265262497778 8.060676774947138 16.120709945046936 32.233972190773244 64.4749474068075 128.97178333480514 257.8982963433698 515.8555586912835 1031.6833311112066 733.3994743871991 3987.3367191922707 8254.303316176985 10917.313738595749 10414.638956433213 
2.0140698545101197 4.029962156485744 8.057494370908447 16.116560256427192 32.221834474758 64.42699296149783 128.88044609453712 257.69331664464806 514.4805548903292 1029.9423910856901 2059.1972649875584 887.3715968772032 7742.6173639127455 13945.158527794167 13320.422696656808 
1.9952238463084067 4.011180120906624 7.991349252839236 16.050422971433484 31.96247004006697 63.704346322627096 128.42293046792685 245.2573381781336 511.63427254569103 1006.8238182750189 2020.9899985169302 4108.942278154513 1054.9856495185024 16295.977492561364 16885.272277360273 
2.0174085833915427 4.034817166783085 8.06963433356617 16.13926866713234 32.27853733426468 64.55707466852937 129.11414933705873 258.22829867411747 516.4565973482349 1032.9131946964699 2065.8263893929397 4131.6527787858795 8263.305557571759 1275.0115988022783 20322.53691576843 
2.0078591398310124 4.015718279662025 8.03143655932405 16.0628731186481 32.1257462372962 64.2514924745924 128.5029849491848 257.0059698983696 514.0119397967392 1028.0238795934783 2056.0477591869567 4112.095518373913 8224.191036747827 13077.689893814128 698.1488310789183 
2.1112627614689976 4.227578120046534 8.416182407763188 16.799887273525037 33.37349436894212 67.17212650438091 134.35804960920714 270.29536497990387 538.107295511507 1075.7711635114088 1999.917925259637 816.4840080631135 6515.197539470842 8275.320557190365 34375.0562034473 
2.1498300838058415 4.325817518967911 8.618203626169588 17.255498535677614 34.32603561027951 69.2201272127441 138.44888829003997 276.1847132498826 62.47516859837823 1062.8044514607438 2175.0515028257946 2398.639494268601 8683.51775723678 17706.90724206718 35156.99679943469 
1.724990452123568 3.889982253391622 7.127852666269571 14.26436463483349 25.021179769823203 55.25392242691053 111.72888615154679 225.55866224053457 443.2579965953741 848.3310385255019 1723.2772312621184 3056.944208881288 1490.607000157649 15875.193812550424 26586.762545604797 
1.8575639497537009 3.821262771143687 7.213598989238634 14.398272705621727 27.78598981338454 58.51532124050078 114.40341662732469 224.54091620996942 468.9275058310172 863.8856063527302 1864.0124244393578 4075.6700886682756 3956.2284519390623 12874.052067880255 8302.478436726642 
2.225270604103045 4.45054120820609 8.90108241641218 17.80216483282436 35.60432966564872 71.20865933129744 142.41731866259488 284.83463732518976 408.26801971173523 460.5610215738622 1829.9660154174412 4379.565541183054 7001.95356350664 17136.22247560893 11539.34043271716 
2.178776589519739 4.357734753132199 8.715585152975839 17.428393993418275 34.850547785723464 69.69040088549914 139.40082368092666 278.71043374289917 557.7996217844009 1115.5985870509464 1524.3276455294947 262.4056032806565 8693.523597660023 17197.35735830239 31826.739614392005 
1.9721443340163884 3.0689826807525 5.9356752198275275 12.767118240792577 27.793784725404574 34.33560421006268 126.14165006335486 223.94639478081845 412.62450147988244 775.4325727677887 1538.0141418921244 2055.05382796392 7721.467314064289 10786.97230747097 24877.638779665805 
1.9652654681094914 4.012474014845616 7.830673500726469 15.692566020462303 31.07870603564015 60.74567089735993 119.21136158479894 255.71439620717123 460.179373723669 961.8495497926373 145.35716478565615 4083.8758554201804 7323.911447402277 14379.192565640093 23480.900507625083 
2.0832372835017026 4.166474567003405 8.33294913400681 16.66589826801362 33.33179653602724 66.66359307205448 133.32718614410896 266.6543722882179 533.3087445764359 164.2541781923895 1828.5610242029825 2093.151897864206 7968.969478048483 16978.130133506962 34131.759652891895 
2.321134419941621 4.685153639525057 9.30087928197854 18.643156127782873 37.346309399796894 74.38632245991926 146.74916494311586 254.12960536144362 579.4031279339534 481.5195623992891 939.888800374384 4627.441445550603 9619.978396212748 9901.833256025622 35619.832588351404 
1.4044635815811215 3.8087424820711173 4.93239716622195 16.02005998668543 27.961439133925595 45.63307203903842 107.05977407809651 253.0371806332328 430.39945396461974 341.35199460518874 1643.302772051824 3521.3906931969937 5998.5325866579815 15765.298862622118 29913.692433624223 
2.0027874588294003 4.006933652155653 8.007657089765543 16.009315012582242 32.02672255139007 63.99836435545985 128.19765512733946 255.62341448447813 511.91181386893726 1022.8227659973392 1760.8913200929476 1718.4892637729488 8173.1684603910235 3265.1972494780307 32252.776341730434 
1.99008656245122 4.004114903365731 7.999597732678622 15.961474889861286 31.840000097073375 63.84915719995106 127.17977332958323 255.39655106956454 509.0182249047274 1025.4819701817723 1928.0954075325308 1849.9016948343988 1378.0166635224714 16283.939747374876 31602.711401480614 
2.0585276294174797 4.11709720749606 8.234156589006847 16.468139978826667 32.93624408056974 65.87361449224942 131.74408633212764 263.4893677271957 524.6521065746329 1051.5480044742524 2069.1307887895027 3616.7350465050913 3799.4909748173905 3106.338363817327 30019.587308343314 
1.987519452844011 3.3272831177999223 7.523865336344728 14.404653418604216 28.024102387732306 53.667785024153716 103.54742531162923 230.90853089270132 404.29782528897914 906.5039398681137 1537.7380532682826 1999.6373891549695 3039.2030154238355 15441.529669718515 24830.26511929977 
1.94266102104416 4.01085616767265 7.816721948276127 15.265466825510677 30.475527004589082 62.24937678051563 123.19943401496373 250.98108330657033 501.65376950065723 981.3112477076008 1089.4085406899803 3863.5692510681242 8060.947034626938 15885.987065258632 4168.56162864554 
2.00465312169062 4.009044331696403 8.021367052792229 16.032363500152726 32.04286966231715 64.07179598037744 128.28967140290615 255.74223321973852 513.3381188184788 1025.0200433621296 1978.2350269639876 3290.0115346763887 3898.462965791245 2852.0435239729923 32680.912982473947 
2.0008484737695937 4.010993041732238 8.01583755144905 15.996808440982083 31.98815482435857 64.0660333679608 127.93772239061936 256.2683143272693 511.84062915502346 1022.4935609355095 1992.4213246258623 3371.430840037451 8158.840188617251 10765.668019246104 2599.3762284481895 
2.006442169994568 4.006218518100439 8.026713993815944 16.038248147618752 32.03822780084009 64.02345048226813 128.1960756016231 250.0616280273536 507.32252920666156 1013.223331081638 2018.8066785797496 2772.339372756507 3101.609501888883 11921.189341030567 11341.603380692022 
2.0015268273502635 4.014719720359058 8.01560377538873 16.039472396619896 32.03539971840745 64.09973252584302 128.19832912859997 256.26925919577445 513.1927435968195 1026.2922184068104 1970.0094683384254 3440.7712043741008 8203.013260250678 4716.461943657091 10526.636559467795 
2.0044339349847182 4.009880535730958 8.018927387066217 16.030940859459058 32.05988325611973 64.13683745018473 128.33479799823698 256.53560525123004 513.1045723900336 1025.710875806545 2032.7768419755134 3483.703985658626 5143.133099593589 14187.756279245255 3132.8298485253767 
1.9973985674887316 4.0060832813737814 7.998763327538298 15.988289905932472 31.99058671149344 63.929262162876995 127.90189811600584 255.4885172280327 511.0602159337327 1021.8409073295331 1962.8958442198664 3370.8980214337275 4607.850471512952 4497.627109303173 16508.71126170686 
2.005406039183137 4.010824646667954 8.02162935724131 16.043198488848176 32.08636449639169 64.17252984320893 128.34420477922146 256.66912357529645 513.3483054249662 1026.7280347933654 2045.3324214843374 3748.698792905128 6399.13775609839 7429.85841355424 6499.076222050587 
2.0030303774819704 4.006408980097674 8.012424792702323 16.023269170562315 32.045482832057445 64.08719130658046 128.17731825661636 256.3949527061774 512.7153396328721 1025.287367723942 2045.4333030398107 4099.610664698084 7515.529525986294 6662.418679914356 6562.924515116568 
1.99749527366943 4.0019675338572585 8.00226913294328 15.999290985425533 31.963241664068075 63.98539231073864 127.81202242532828 255.3675068153608 511.16166028768487 1024.9055149326387 1993.1229658236114 2632.508411553721 8100.9854970030865 15972.948951267854 2203.3265017896965 
2.0020424190689377 4.005825269185017 8.008702294271716 16.0124264782458 32.023924922277786 64.06758844564337 128.16961790031573 256.31759681916554 512.3984900212889 1024.5918098126124 1999.9729877717716 3140.6906159593927 7671.715479740896 7627.859101241318 6279.835622311439 
2.0049194186602244 4.009934976370053 8.019771165065578 16.039779246928966 32.078044645071174 64.15939782976344 128.3190398006245 256.6387338169318 513.2937801231892 1026.5320391236514 2051.443167313305 3985.413961743871 3194.5464505070327 3497.232910645884 30248.985280123623 
2.0016590030264703 4.003561341066263 8.006085185888427 16.01143093918816 32.02340549058017 64.04901188603579 128.08646361722148 252.86375802340035 508.79851475166004 1021.273134875528 1573.7518363741763 3885.283799868514 7744.849107927623 7563.187467169372 6361.3855535553585 
1.9978685146530697 4.01835261419152 8.013596949504517 15.955939192097572 31.390555997059888 62.86653073181834 126.64844114740616 252.00739293311193 502.82886568511077 1001.8044190718683 1583.8254510103827 2903.237459118203 1156.5850647441466 10789.913665789652 32845.23125749938 
2.001873529669364 4.003880109984533 8.006203326194298 16.01117257817518 32.01988463378426 64.04732520734906 128.09121027000657 256.18444577560473 512.3110676180006 1024.4358209131326 2040.5281394620952 2950.537113646247 6343.234638906617 16221.475581003868 2207.604574635911 
2.0890032386124813 4.1804150107568585 8.359746710567867 16.715977026315844 33.42704697842473 66.81789564317198 133.7926908622068 267.3560968964312 534.9602269420283 1069.3815587980732 2039.3046120477793 4281.390333223889 92.12618573813315 14761.03938175814 34259.701448871754 
2.3264326185083566 4.658425008202604 9.310413656332608 18.63960778062245 37.21607251264023 74.39216779622078 148.86997533143605 296.8379986964487 593.476243002132 1189.2866592501996 1303.808887264585 698.7296340758944 8982.813059552662 18835.72932808 28668.952964645534 
2.0026618523669337 4.005467385817109 8.010701501728231 16.0208789843928 32.04166199127413 64.08533575412767 128.1743960696601 256.30329027333727 512.6401443870574 1025.2418474156855 2050.5647933416867 4089.4382353487367 7747.716966174538 25.66751657294821 32623.33530603838 
2.0019428826726755 4.004128311940408 8.007883210191535 16.01454128348437 32.02469171973771 64.05745505720203 128.12882336879989 253.40365034606825 512.2388937866558 1018.3014685696029 2037.9437312245736 2529.3329485288527 5746.811224174529 16317.766807246044 4141.130197392419 
2.005672699936795 3.989953027740951 7.998882632664102 15.994675784967127 31.66119252649819 63.33687045052029 127.23084667371381 248.2495212260774 492.42748414138543 1002.8009808867758 1507.58345861915 3854.230340065949 698.4579027015238 14785.059841952643 23973.23750320392 
1.9889913688490104 3.883760905477375 7.731215757157349 15.62312768328174 30.730516150791267 62.59217682554572 123.94039191371695 246.07083082334708 511.40834919105527 985.7200337336541 1975.4681919682666 3956.3579640811554 218.2521800457799 16121.066624443769 26418.210442155992 
2.0042112798752503 4.008558692087327 8.01696527462551 16.03392002885755 32.06523202922297 64.13481024628172 128.26687723986433 256.5452825784218 513.0967797188481 1026.1117716866165 2050.9156503530453 3926.804610097676 8138.165098324286 10542.296843455702 2210.033585640718 
1.996149032784037 4.001748900985442 7.994201699609184 15.974207695493734 31.9132460346306 63.646908887628726 127.62015239062785 254.9761403784458 506.18280980377494 1017.5396441496345 1847.5989962493463 3959.3705201523617 848.5684977226787 9887.976826253942 27538.51664541078 
1.7082198613893962 3.263364096224807 6.414476494935571 12.936504793389885 23.18382349627859 45.71049074066888 96.15098730372294 252.08482070495194 322.5991327829983 718.926961669132 1624.6175056716766 3081.6591840833275 5227.532145276219 12834.078548881243 21026.35092165141 
1.9898521213763352 4.018801059512556 7.971479139934902 15.936650006651002 31.604528450474533 62.94144436687716 128.5636136038083 254.2569363843804 505.3324299011458 1019.6985037780814 1166.580631677493 2307.024114598347 1890.4385388641595 15257.312568410565 28363.532149469513 
2.005428949584148 4.016183537971431 8.029461740864896 16.05769714157249 32.07653099607491 64.21423320237072 128.4538948763974 256.21410943879033 513.688828275525 1025.1966839464212 1956.6389925037802 2561.709983542603 7049.7110966395385 1443.5025285626618 31295.711439168765 
2.0087848533444435 4.014677491042176 8.030370814828414 16.061689458627654 32.13044906433009 64.21583783858338 128.3191593866683 253.70298842351178 510.99169136095287 1021.5441902459119 1270.5976894160913 2417.516047584499 4288.809104273897 10846.626838550676 13778.5607146263 
2.008650010604039 4.019735061402278 8.037307698813601 16.073911880640473 32.10529565110069 64.2153658770041 128.42459545172738 256.465063567033 513.2976236412435 1026.5525126290825 2051.8406774545447 3737.8011811209267 6611.406287476206 4419.067198329787 11653.042984388356 
2.008033310582439 4.016669760457629 8.031978379607079 16.064859926187456 32.12437454173436 64.2601994661742 128.49221880942395 257.04812589842004 514.0066967637378 1028.0344492873096 1886.6691276537867 2457.7430630760996 5666.135325062699 9340.967268645649 8557.982291874321 
1.9892605450607634 4.005195559459409 7.990289534827363 15.915295745298998 31.897471971378646 63.444607771823016 128.09396219556234 255.53212525444684 512.6098495114385 1023.767508791074 1852.4250711781408 2762.1598213161024 8171.968854998034 5184.973707426827 11681.450074617025 
2.0071660134423523 4.021371904401707 8.027053665774105 16.064398217328705 32.066669997327004 64.26655303169643 128.42676308010817 257.1918295786751 513.4821335840188 1026.0839110385625 1981.6683748961043 3345.4381758941645 4314.841560780386 4088.2540186059214 19323.855901118128 
2.0035918531225825 4.007393584679503 8.014712532520754 16.029104674771602 32.05783946400853 64.11940489375392 128.22503973617663 256.4533991874318 512.9087731226069 1025.8895086260356 2038.8883887751044 4095.6309504974265 5950.897315547913 2569.1037114298933 17681.618682348777 
1.9694046015145952 3.989836077081603 7.971206975059692 15.857985662659214 31.446731468784122 64.36725979710522 127.47992163893342 252.1840980624807 511.86034394249924 997.9436972585672 1614.8500303523026 4104.934365400137 4674.588985613437 10282.597470341583 6988.400794511813 
2.008300510035221 4.018649698015639 8.034272768945225 16.067599224875213 32.13400932491544 64.29243704509882 128.5038724136217 257.00029838154495 514.0190956420339 1028.7660044875618 2044.3712596956384 2594.573333775362 3236.4704762055853 10273.865364346877 13334.366985498273 
1.9945513298081816 4.00645950034953 7.991916108892189 15.97014705850649 31.959537606780575 63.843917098292124 127.75271159529869 253.4235392539499 509.0814695314155 1017.5706458182051 1897.5442486920547 2815.1369117201857 1876.308889190391 12614.235640906665 16509.20623098605 
2.0020646702566034 4.006855609942414 8.009680468974775 16.0192225113389 32.04066062374771 64.07997542996326 128.22410890530392 256.2621009893479 512.7452031073865 1025.0241197545943 2033.2710518021497 4054.066828339842 4915.331604970424 11963.363394365362 4111.552328294971 
1.9222263549746554 3.978416105221914 7.817247090730296 15.246198498309468 29.99557992632489 62.19877801425454 128.0928052462765 246.1032195879475 455.02943268570755 967.6420722089509 2051.5593793644516 2154.6116836330502 6195.21902093362 2829.5907064045423 32040.978146631052 
2.0071520523524433 4.014585828959819 8.02852593586422 16.057028676778774 32.113247445225056 64.22885446507905 128.45559447873015 256.9157183380052 513.8140442697459 1027.6029396379581 2053.221251244924 3450.670494262687 6270.9590677853475 6245.33300085575 8871.750906444995 
2.0005996128719112 4.011122926097934 7.975388767270855 15.966429174462329 31.8759619007774 63.90778124050961 127.24246261715001 252.00613803702942 512.9042227040783 1012.8991160513293 2026.2210237109534 2272.7731178914787 5330.790621573044 6132.470370532772 15366.042433508108 
1.9719366044116537 3.9714154802360704 7.92651670526261 15.889972505906814 31.6236365774199 63.27161864667206 126.76081050530819 252.4101763109373 512.5189794442142 1013.0704639819778 2049.4739813042947 3151.404115359828 3153.8083072328764 11700.088012918728 10064.180722391398 
1.9842810183978963 4.000682900010702 7.735022594536879 15.819891857987063 31.061136561863652 60.717180952703 128.28456267205414 248.43316233570053 503.7247160169974 1023.3567571071503 1287.165472332476 3734.170699171066 1317.0513634295273 15201.549191918499 20765.258974264663 
2.0064924821272485 4.013527634966831 8.026667922876161 16.051555788957725 32.1049358751701 64.20233935694804 128.39451814185753 256.8681256451745 513.6315835420803 1027.121968046703 2050.384378838706 4083.8424041936705 5052.249610886427 3035.5422238177844 18674.377451186894 
2.0076822106716077 4.017656955559865 8.032520021879744 16.064076765016598 32.123984628440354 64.28001507298 128.45033887251674 256.92490381531076 513.8589200345998 1027.5265009939296 2036.1022891291288 4067.5006411870945 3959.561986261177 4615.651167043963 17726.896021731118 
2.010915054267811 4.023163407115295 8.044244480528038 15.948015478174726 32.05094255126957 64.35116117468758 127.88199707229606 255.8710207066306 511.87821444990004 1022.5353611149451 1942.2406681135974 2154.5241758047437 5257.734945156041 3538.1137644501787 28201.32233724629 
2.0084069409764203 4.017160838508436 8.033919501554928 16.06642839824661 32.132699825297756 64.26929808671814 128.5238070889014 256.9712558327954 514.0583997261015 1028.0721895961863 2016.1381842097471 3692.153358472023 6857.727276044464 12698.47218789252 1528.1516463202104 
2.0068599705683203 4.015328741718428 8.026449885462794 16.05716863893621 32.09791464548056 64.21705572648158 128.45866600889076 256.8094470053852 513.6317740576767 1027.3440984857045 1977.1333173572816 3245.3636967107454 931.9034769481927 10754.794514154142 25686.737598312982 
2.0095558349083382 4.022488270222918 8.040957048932839 16.087092447182666 32.13314828206665 64.22612870246442 128.5144593691484 257.2828531688453 514.0744678093316 1028.6041673885438 2059.7323679879933 3318.1417592441217 5002.504325384631 7854.029976890327 8881.239273504438 
1.9916723499961548 4.012122271421449 8.008555307270537 15.944799811784536 31.745920559025397 63.04169635296746 126.03514077068769 245.0999215235438 500.539830846468 992.824280935173 2001.6976887002272 3047.4395077047593 2832.740821643835 6423.553201454549 21149.801436513673 
2.0079826951392836 4.016998141939648 8.033073367632824 16.065857637733508 32.126112271552664 64.24901044221095 128.49433209925408 256.55054575641117 512.7759711823525 1026.68271567781 2022.9001876232321 3092.091308375668 4039.835175535176 6809.138083570564 13848.022936106736 
1.9803189121109972 4.015497899037389 7.894042970420965 15.639363244619084 31.608006976657784 62.164398923752 125.63695426600665 249.38277418097906 497.1900488828693 988.4230093212938 1358.9253623929048 3743.256608968122 1491.2418161428338 10777.243207286825 23509.10730693915 
2.007162385045758 4.0144847858273485 8.028799961159262 16.056972897344608 32.11378101572635 64.22444961516008 128.4501160498286 256.918622191818 503.041619756102 1018.4177848647968 1782.426651976742 4064.1947626803403 3874.0809829491327 3547.9564719490145 23183.759325808645 
1.9950052738394097 4.00253359088475 7.976516888799472 15.970923126459809 31.834123974943463 63.82460859102657 127.2623350559314 255.8350781780043 510.94053881001736 1020.3279678732175 1682.393877750298 3145.177854478041 2146.939845105715 9571.988686694402 18355.991752014525 
1.9812085160025437 4.005740796897663 7.913640895496276 15.898317383776144 31.866318360278697 63.59596713027605 127.26425193601828 237.43677974498559 494.0532773118416 992.002209559314 1070.867536057595 3702.469864420316 6936.882996158223 9327.12678035445 8625.532915173635 
2.003569736923222 4.012807100323369 8.021706580950239 16.037916105677585 32.03076741681892 64.13782066208964 128.09676026758504 255.97093244552767 512.4294971950485 1025.7708212705897 1182.9012580879535 3498.785661153897 5424.405512385578 5698.3856766260105 16272.210187644287 
2.001311670345877 4.01094421461301 8.008790333086294 16.017899115442027 32.062272771704436 63.94902590156302 127.79472943970052 255.8479566404495 512.1057268583911 1023.3581556411823 1960.2574128045458 4039.4783687840695 3037.127579002784 6849.055908018172 16124.832373929781 
2.0092548068085843 4.020670472439318 8.037890274352693 15.944288195024555 32.033655527268074 64.3007652223489 127.5958668275481 255.60023801383645 511.3182826212867 1021.0160201195611 1899.6618916788057 1657.9376941519256 4504.15670610906 5905.4753526954055 28254.23640792589 
2.0055686976302405 3.9826474786498993 7.990830879428271 15.977039765892723 31.49754741734159 63.52790928876506 127.02019614674033 246.56563854060616 513.8303157530192 1007.4484313399578 2053.7959725462747 3246.1861951911433 2024.6475197112763 14727.721854839305 12785.541805602566 
2.0042572307282667 4.012560956127805 8.021617130215105 16.041933237215574 32.0621999234425 64.11046392371985 128.15010968251943 254.49089531548293 512.0430198807634 1021.5787263041108 1954.8039400935263 3210.61265521963 4205.4472041601675 7647.663610495195 11431.103591329434 
2.0067293541609694 4.013613265698404 8.027101344173111 16.054054604315123 32.107608529733845 64.21401000222532 128.426526376541 256.78368768771827 513.6826909084317 1027.485665850703 2040.4559856827657 3977.045526219331 5767.1687539823 3316.555899952683 15711.212690698407 
2.00460103504698 4.01735391053231 8.026797792578966 16.05207251519875 32.0499039912884 64.1330672377987 128.122530397807 256.34175113505904 510.3425339200022 1023.7615774104828 1942.006776499087 3297.940156441584 4086.453603584557 3407.9990490086266 23874.831750680612 
1.9920541112192132 4.000227879803337 7.998180043267886 16.022752281310638 31.77129813360609 63.312223516395825 126.18871841374934 256.43437153784834 507.28554924404733 1017.6207729257093 1266.39864638764 3676.824906776176 5445.1460539760155 8831.394528148561 9327.266364031164 
2.0042744777179675 4.012008108513537 8.018923185024656 16.046779758020435 32.06573001646788 64.1481513370633 128.19707723779615 256.35443153446244 511.96275980047477 1025.6565791402231 1994.7508309530701 1364.7411720507455 4671.803752766053 9044.036151049973 19541.247602532658 
2.0095902384446354 4.021832463458793 8.040780920195665 16.077537905148183 32.15205030649286 64.28295022626448 128.5161379657798 257.1777740198959 514.3381541591478 1028.011199241709 2014.0021999920634 3628.1346373219158 6528.958910832064 3517.4114824382923 14198.860561907843 
1.99919719586707 4.015495267312421 8.009680061328472 16.028111140530655 31.986389309315093 64.02969210492624 128.03849994812109 255.68399516208598 513.7348639958896 1024.3825849006887 1963.5842460384627 3039.4061673176807 2605.044013123531 5317.553635291133 30557.105142023203 
1.9816381140419153 3.9942606113579826 7.915071104340943 15.9832083164156 31.614435028287787 63.552829116102735 126.89750659188026 252.5694133508026 495.44169762214153 1007.9012788868131 2003.5206780782999 3068.4066452506413 5249.691969500678 6024.278630476985 11983.331252934096 
2.0031130326863793 4.005734146808721 8.0187482263082 16.029910759632408 32.05080924913632 64.10362974375488 128.18329669911603 256.34815492436354 512.8067665510574 1024.8151100011667 2006.5811252429903 3728.3323708627704 6172.676221308417 951.0457842550672 26140.216030108735 
1.97865374752694 4.0040706911592645 7.900654890873818 15.663916194584175 31.29842760582885 61.839766350841295 122.45299861692392 247.63138458640887 494.7956772415626 987.9514240679937 1172.8680976411074 3488.021827993571 7968.533761157737 7550.9677584803285 9806.955150442518 
2.0014363528482595 4.002998750497244 8.005853565732213 16.011561779239486 32.0223310237437 64.0465600925756 128.08760224520952 256.1595631936408 512.3381499713314 1024.7010970216706 2042.1605412315635 4010.0437551900623 8195.323588409565 7263.441830857567 5567.798879271503 
1.9814579435588342 4.0118996597051755 7.911377644879634 15.949911468791004 31.566390500940678 63.549618080939176 128.5565712955721 256.92233160851407 505.48335721057623 1012.0471894212787 2050.5101871684374 1765.5412629238149 2531.466039261589 13856.108896244588 19409.525501499356 
2.005384735248601 4.016798932771875 8.029600091092409 16.05185620682717 32.05991176423194 63.93470742794123 127.87899539356526 256.92279072686273 511.6450784338413 1028.170356447093 1988.372083127819 2408.536339404336 8010.950298039279 7003.39067444531 9721.419763774675 
2.0148446713085666 4.034348664014597 8.067979970409615 16.144536159341765 32.19923249695998 64.47418440849081 129.08248367092736 251.46465133392698 511.38903831308056 1009.678883818875 1207.9152368978928 2746.166288530165 4208.8716742211955 7750.102064511183 18639.133501458848 
2.0136034893842507 4.027234096607775 8.054435719221773 16.108763668268473 32.217512602438624 64.43483419738823 128.8716136998214 257.7432158502722 515.4819424236402 1030.9631474246733 2061.6806341460683 4123.616712800007 8219.72791942092 12059.852603773503 1215.3578517669653 
1.9992408808066735 3.9500581858534836 7.945304755538704 15.636072271771335 30.852248019074 61.580907608846836 125.36456481780657 250.6680754953017 514.8317187740727 956.3728428058788 1146.8553916153937 2732.7224504901696 8148.836657530342 4353.224041353034 20730.646011813657 
1.999443321317012 4.01616219646704 8.003952202414915 15.997351708209997 32.05686409933445 63.677163215199954 128.51786584715984 255.88445549129787 510.64030680580714 1022.612295498848 1808.612755760299 2133.5924177619977 6975.890131277358 7804.793184252886 10761.439263087712 
2.0042485888496473 4.013269946701882 8.021627390767716 16.04238421897656 32.05610908070409 64.14319947384018 128.28221069079916 256.6340676840406 513.8570170015811 1026.212230985627 2054.677144426032 4034.6393785500263 7680.078741220226 3479.433191175276 12782.65445303499 
2.00007954916591 3.8543443917957947 7.812879222239241 15.581429641655696 30.932288229471656 60.84882584788964 123.59864738794839 251.56668455363754 463.94473918228954 948.5961299465849 694.1978625628212 2032.407771513052 5000.891929532445 16066.446044785494 21146.949717542924 
2.0082574977272563 4.0170348408190035 8.033313030132927 16.066577268048153 32.13341896608579 64.2489423013254 128.49859408891646 257.07967749392793 514.0034518882811 1028.3526602850052 2051.8793098122437 3992.4312254783954 4821.2638777858465 7042.431579539045 9624.74477208816 
2.0068973594435477 4.01456491787792 8.028506022263036 16.05627207265887 32.11005136007027 64.21536813448287 128.42209791042796 256.5089073591864 513.5752578691109 1027.7320382678683 2042.0723167164251 3985.4166595497927 6236.645786933228 5504.739049079254 9674.865697686548 
1.9972543837813268 4.004714094495066 7.966429260665497 15.904845066490122 31.797230470463052 63.65039556308118 127.97251156737084 254.63214119870432 507.82634446124314 1007.6519307481445 2030.1597836057736 1873.8180817781702 7677.311932862949 13899.427452297456 5820.260358319833 
2.0114154129297717 4.022852968821868 8.04566573560884 16.091343900327264 32.181816171169956 64.36484424105862 128.72656213315653 257.44227916638437 514.9024858414383 1029.8116387739594 2058.624996986403 4088.4775204752773 7789.562922215636 4511.370047931582 10372.392678510863 
2.0028933683738575 4.012159966512004 8.007905153328775 16.029200019088325 32.006484313193354 64.10492265923703 128.23878345968853 256.62003124020663 512.5537715241162 1023.4407407589854 2054.8118400520943 3607.124705539122 5827.189992306443 13641.973968300634 2202.7060450731756 
1.9992052607788435 4.014171492073865 8.014380634965566 16.023986390297928 31.942175653848796 63.947683219147024 127.61820009920712 256.70685331497253 513.7146006953067 1021.2800224806906 1932.2404788199115 3230.245594437568 4353.383640155262 5185.077131643495 16112.111771825452 
2.0011240653701465 4.0078030476425175 8.00698552262826 16.010440392708745 31.962311426412708 64.15371000614734 128.3876936274846 256.07634759007925 511.97759276850184 1024.0468203353562 2048.8030685169297 2203.81283681477 5340.164280360927 8008.462897716375 12092.017451146878 
2.0028163070960945 4.007001357578445 8.014730500080185 16.01779094887484 32.04715048575741 64.03637138681171 128.2845229978569 255.5536336422591 511.4521039625745 1023.9446378494076 1986.7864260130193 3087.295954877512 5984.385107039263 4364.148600443842 14122.72537058137 
2.0168920375876733 4.03804981569333 8.070954891584172 16.15662589717706 32.25049451328124 64.46074995108188 128.9914664074717 258.2584808399417 516.7779883408202 1032.0095568633956 2051.803352453928 2487.540622372299 4590.2496917518365 11077.539436880135 8915.840198914315 
2.0056454775528225 4.013064825861596 8.02395346559753 16.04723517222357 32.08876690178019 64.19628624574156 128.32919961569533 256.6057138889237 513.3263925622435 1026.5939988445145 2034.7133480648888 2745.3502659080436 3866.2271433393903 4883.215949870486 21726.070978174328 
2.0010655479035417 4.006102755033673 8.009039775186455 15.992489467748035 31.984048506150828 64.1275177950238 128.02806636874902 256.4993867883308 513.1620781835115 1024.3751119497751 1978.235144917813 2785.883242591854 1210.4540713547906 10113.33752967152 28096.142084669307 
1.9763006947972164 3.985241536953307 7.926326509375673 15.845149296605529 31.517610951900767 62.91983458204227 126.29269992211641 251.0547271650891 511.97552024612366 1003.7350673842283 1743.487297649648 3239.881405639229 5267.722074833027 6704.175275284883 10672.698012832625 
1.9498369493633443 4.00322155736427 7.902051555987092 15.40475657888438 30.273093210504836 62.03866967618884 123.37484574964347 248.97188023591514 495.7662198919557 981.248263672875 1244.3395493904168 3524.3237945975484 2739.2854420709787 7079.995692320517 26859.607353742194 
1.9974608874003612 4.011043879176252 7.994575467726345 16.0230166723813 32.00126683428364 63.84555493057873 127.87570701977613 255.9313215566933 513.2763118625408 1021.5851275991974 1964.8832678862145 3425.8506754642967 2006.7908022892605 7857.595664293367 21139.615995929104 
2.0044455271194375 4.0119601023798666 8.01907542814266 16.02916912846863 32.063983616996175 64.0684238292967 128.15935798131937 253.8918750342792 510.26615165607245 1022.2598839395703 1915.8557086878711 2582.7931763369297 7196.384181858353 2122.175959015368 23365.696768291502 
1.9994894232621903 4.0084458779152765 8.005433167297806 16.003535010483283 32.01737684312684 63.99381201463482 128.02296537789374 252.9663996181786 509.29207981017265 1017.8880591555618 1896.9402005543068 2811.376558383795 1850.1389465762265 13988.400410832272 15691.142059676145 
2.0034396906274194 4.0073417497909345 8.014198658645306 16.02797081462147 32.053540865560464 64.11192436586882 128.22037606378444 256.4434594467291 512.8687223336194 1025.7105398935596 2031.9667896511994 3941.9054082958023 7715.180051686605 5263.442251518888 8856.007879531919 
2.006908813930968 4.016007737351722 8.026856735451503 16.045767859384707 32.08956968546324 64.20100259860901 128.2858440407562 256.6373526900501 513.2932581267282 1025.6385175059588 2016.2884024609953 3656.568122489605 5533.536755447792 8716.36388092752 6191.897857254084 
2.003876265264831 4.007849327027013 8.015473792224693 16.030484710417845 32.06038276083057 64.11911523544876 128.22982832700228 256.4306755244121 512.8649688495528 1025.81461183278 2020.1376592994513 3162.181522529521 5898.050207803679 2673.111190204553 19413.836270216012 
2.0027559435696496 3.904518020516887 7.846978773647135 15.35872735250383 30.934704527911975 62.81551236829104 128.01656003337746 249.84428213770425 497.9209503377971 1020.1355382017177 1354.285161833558 3396.269552843207 3801.6582259561287 10714.367643661883 11081.053117428199 
2.013979150021722 4.028162998921514 8.056104331819306 16.09416715793309 32.20762392363218 64.446667763848 128.79069562431468 257.59475190727045 515.281496620185 1030.288434740221 2045.5445291850433 3847.018423117412 7406.302084427476 778.5229098007917 23837.233777636313 
2.0014089061837694 4.010823027592434 7.989389519901028 16.015427635495897 31.978709231377778 63.99841161043654 127.96468789460143 255.50963390535432 511.9000291119856 1024.248963765521 1940.3197341320067 3223.981147693873 8176.632298530384 1542.169972044978 21050.55421263683 
2.0060785783804986 4.008225807945991 8.019276697258862 16.02387733216895 32.05827794704164 64.09360793033062 128.22838582019543 256.3717123212019 513.5238441490433 1024.9605505209115 2014.1113900655685 2874.198799242496 6409.8476103479425 3235.879883066741 17593.32038366565 
2.0060830379508277 4.012172299437254 8.024334349375334 16.048649457005503 32.09729796189267 64.19454571658422 128.3888894333703 256.7706945835772 513.5500388004468 1027.0990272235147 2040.4848710683166 4079.4647168283996 2188.2050267448803 10656.348014613908 13759.139764303663 
1.9566552302397777 3.939582739784951 7.845116886577811 15.814134728263308 31.096663119547905 63.10286087690861 125.19962941549622 253.65615084378257 500.2142304625622 1025.1998886397207 1453.0286383462023 3510.2183370119747 7401.944662746193 2159.7581769241165 21315.256314167502 
2.004217842665557 4.010048460186699 8.01812568118608 16.038219031856656 32.05884882767378 64.13701007955451 128.33183121070263 256.49674398495944 513.0960520228016 1026.215109839152 2039.5405458121197 3983.7652208736276 4295.953459418482 8187.927128934707 9162.065138634995 
2.0021326892816327 4.0043460024807285 8.008665742143744 16.01743536704816 32.03055120289316 64.0662844895521 128.13155720151948 256.2153544203837 512.5677570138956 1024.9031442391704 2044.7503193355901 3751.9025947065893 6870.41929998161 9702.981759865732 3470.6403958348587 
2.00150010270258 4.014837701855364 8.00219845117089 15.964369002491905 31.926323899394433 63.95273785118839 127.30248756461096 256.2920682279817 508.1272895499209 1027.860025339222 2047.1262972182703 3322.7739436825004 4146.316978321497 11981.41798405068 6529.953712774731 
1.9678313272925294 3.992128867766743 7.852572461978616 16.033316591202652 31.333462640585005 61.93540203566383 125.19740849622079 253.73371602183204 500.7473095473839 1006.4166356334931 1507.2903435320209 2793.1209153302457 5320.31305413567 3881.053789506297 21818.94760943741 
2.003371239573231 4.0133103044709735 8.015716691922275 16.04058745710866 32.0680262115532 64.05241370242432 127.97138470354092 254.8301867683968 510.9293955500909 1022.0872423294346 1945.3917996495104 3077.580560740677 3265.948234035618 8188.40305207668 14330.022850196201 
1.985641162366918 3.988720269087076 7.9677405042903535 15.930563045956296 31.777762145189083 63.69002999253094 127.73494503703265 254.47007635689727 508.51007790642467 1018.4519648027945 2049.5344494520727 2455.4582312076873 1992.8121534513496 10002.359855072304 21977.010221999742 
2.0033624415256495 4.008997716272276 8.014419340905896 16.021738425915665 32.03069832506128 64.02841788699706 128.2973231402311 256.3450754286417 512.8471445999137 1024.6224039156416 2022.0038077855513 4089.9584664160648 4238.242136920592 15658.40286986413 4146.688753985816 
2.0045405719107836 4.011221843958591 8.020730795457647 16.041591603905875 32.06189206265511 64.08227759511944 128.3405995844764 256.55958044115766 512.9566614617609 1025.0639075179556 2007.6259132497498 2673.9572756715274 6258.246862250438 13262.30627446258 3788.2433060585895 
2.0020264909570598 4.005372644484866 8.010434055084147 16.019891414527955 31.962790410824415 64.02450401523319 128.01633338343785 255.14297704847826 512.8865584596073 1023.8188224562177 2051.391967318545 2302.975493553887 1335.9291307468784 15903.14747258964 22184.536507723045 
1.9980503105181784 4.012378585460402 7.950909661128725 15.885610807778994 31.717727476113858 63.72121008245057 126.4042235947676 253.79398166694153 512.969623019353 1013.3191342820111 2053.853409476804 2206.763214704643 6355.087889104314 3650.5428311311107 21103.412998516073 
2.0058476237138305 4.0070857138268146 8.023603777505848 16.036950200477822 30.66678018054072 61.66053788022127 125.37517965689167 231.79238984117035 503.41330943169555 941.4490221584128 902.3651233524225 3334.5445615299436 6352.672743960398 8357.073527932136 13828.079119995024 
2.0034864516440427 4.0037955403023595 8.009802870140561 16.020328525114028 32.03052185662088 64.04562573720854 128.15483764980218 241.65900727457935 512.233305147397 992.9461014701197 1111.59472641741 3199.008303475009 7061.269717159628 11802.626466504966 6589.622943501392 
1.9957122709088164 3.959909728776826 7.936347154822905 15.871002749421883 31.591333624233712 63.43703418310706 125.31284608506705 251.8423872774813 512.7930028361875 990.6236116972487 1641.9765565186551 3010.907160681645 8020.666616011534 12670.997978282021 2842.5754196473413 
2.0102393716052873 4.020958936968417 8.041150985061211 15.910925986006452 31.99455365961456 63.928415254098255 127.8493300406397 255.29646603483206 510.9213517234195 1028.9890990552085 1905.7974673324181 1393.0108256185856 5971.824164563713 6372.397318548758 22271.59863141229 
2.003067911863548 3.986904618655094 7.98736609289214 15.995603583555694 31.825052279098276 63.53913540191187 127.80154526419696 256.39358825689015 509.0944273493881 1022.1639251747721 1429.994094140296 2105.553271069707 2935.577321228239 8796.507691749432 26029.444890708426 
2.0090494536407144 4.018617135326547 8.036342514820866 16.068750633615885 32.13871446319319 64.28633388153791 128.61498463428654 257.14598776444126 514.062732812533 1028.9545727693323 2022.7247491406063 3564.8092452983965 598.9485313853093 13797.322744390653 22735.807311804434 
2.00467137232455 4.011513349664778 8.020436564904658 16.039256239694208 32.07623519205958 64.1506456548551 128.2977405548452 255.61386554920796 512.1962624576806 1025.0667618002512 1999.8444826425575 3479.5718010987057 5381.1181812312825 1634.2863181335604 25823.98272242044 
1.9972717390440025 4.0134718615272424 7.995151817963776 15.976261746965545 31.89635393391781 63.9540810289001 127.7647538290561 255.29368240161978 513.7082620011332 1020.5434318228263 1902.3883076024051 2655.7805810278037 3844.8503121457693 12786.409953272952 8837.124753555394 
2.0055032478081447 4.0114295867630005 8.02251409634773 16.046179980131296 32.06108312504187 64.16008170531327 128.30720947744013 256.3441274078225 513.0543188057069 1025.389185007769 2020.1667584753445 3598.7337444062605 7458.046722590151 10978.17061759763 2289.842748319523 
2.0298274392249462 4.075939627985452 8.126100469317151 16.1840967461809 32.38924694034527 64.89385953903873 129.70153836966298 255.99353750424052 516.3274906152957 164.82534128600923 1991.8936743435954 2996.0163630104453 6548.69924931016 13010.06558343992 22248.134344548518 
1.9888503497543673 4.003450784722652 7.975519337261406 15.96703557580414 31.814178503671233 63.82165813384147 127.05798844732071 254.95008142433753 505.081219980273 1023.1003066688113 2049.6901249069156 4077.431852696024 4550.768224314542 2117.313775797424 25988.003481479194 
1.9913214227946516 3.990050994603917 7.992312681770415 15.9776287423347 31.851392503107757 63.77208538928533 127.52042232096996 255.12824725622602 512.7298286923631 791.3613078284255 497.0219238465984 2602.0452778487406 5549.739758543049 11037.055353718191 27512.968237298453 
2.005725591851603 4.011533723572517 8.022989192638885 16.04565885517111 32.090044001003314 64.18218920785677 128.36682400439202 256.72579594645384 507.8483192320054 1022.1160541457103 1949.0944119136457 2504.67470236543 6215.120845741169 5501.212710716879 13611.685768008207 
2.049750290943676 4.093002389564237 8.165979774132625 16.373664756327155 32.67090158848993 65.25065132736329 129.98037326538315 260.13508351054423 524.7204000369802 1042.3381062769308 300.734338718295 3059.932154197841 8305.394175936526 9896.951091186018 28582.909722810276 
2.0114442108734982 4.030772026551374 8.051497736479362 16.1025775459586 32.13322218024422 64.331822378151 128.0618933288766 258.0877524737703 514.0767425301462 1022.0585910302261 2057.917355852912 4085.3517121990303 8254.678269914266 15946.921043096627 26.0789178190464 
1.9996930454896116 3.8159747316414974 7.7953486910191545 14.87600330826783 30.702157005162903 64.13668385661626 120.90605162136515 243.92633839123172 510.46710208006186 948.4430289992147 620.2890896814757 3709.8137911249496 3974.9116881639106 16374.631999729383 17578.86114243122 
1.994844306276374 4.002359879207565 7.989809097319136 15.967436767056688 31.949936703905937 64.06260417447359 127.78814589718498 253.1753305701654 505.54688627072966 1017.5631483002186 1900.4118956987534 1763.1928867549009 4652.585471338991 10072.92661274842 13882.77804015981 
2.004516681339734 4.009509900603548 8.01880240228182 16.036894379101987 32.06514517892027 64.14275395058463 128.31169889939235 256.5551321020241 513.0823960218378 1025.7639459261009 2043.5613893102513 4080.700684277987 5526.206975348301 12793.955426635142 2670.0217487418568 
1.9987560457438827 4.000009497010852 7.99490770441287 15.996811207590524 31.973204500030928 63.967409763494466 127.92547568429728 252.76946415033 509.2479381533684 1015.8732368528429 2039.0595549790107 4070.9893180408158 5235.93393733755 5306.755218840861 11743.672825066724 
1.9969136354771868 4.00817969344086 8.007672022229215 15.949580835580765 31.854153941090228 63.81050737641258 127.40296754675843 255.94703468035354 511.8117181862676 1017.0045133265203 1262.2511874932216 3632.6011317367293 8058.844603231587 3315.207034755822 18138.046104514524 
1.9963884802689391 3.8279372300858054 7.707619062803036 16.04231727895976 30.828342399117954 59.816075719373906 127.98061876947597 251.54443787538506 492.18506542381266 965.8100275191387 948.0866808215407 2868.0248424880733 6693.969395133713 10802.546626058915 10780.198399099103 
2.0105971346220888 4.024014166503541 8.046141209702387 16.075359563324792 32.1395448260565 64.32382522001767 128.63046638466128 257.18660767030696 514.7335320309793 1028.0969445856697 2033.3985381209195 4025.40782099748 1406.10987385213 7554.439391570501 28578.3780243171 
2.00873864294425 4.019992379275291 8.033970559608308 16.058503098993842 32.10613613015116 64.23740056846322 128.64778934948498 257.1523708289665 514.3155229299961 1027.1745255262192 1891.83343863429 476.0318095526684 7779.127585606351 15284.870717124932 18091.092986189662 
2.0031185082173235 4.006725853262116 8.013062552321509 16.02744129162895 32.04192021327728 64.09805704996674 128.1886007251628 256.183492687007 512.9502200536224 1025.0100009436014 2030.6483790993893 1575.9435825662276 4477.6352954768945 15998.580064861799 11727.222361189473 
2.001019583006052 4.003189112486548 8.005973908303485 16.006286286233657 32.012237080031426 64.04982046746322 128.09976742778377 256.0638018921676 512.1631382606142 1024.1637811686714 2048.596821892286 4046.2005142961234 6206.997905781981 11083.591622958922 2814.0525955572143 
2.001146168020411 4.003903731692809 8.005272082230302 16.00462475465474 32.012886530486725 63.985745904725384 128.13216468501227 256.1042846955587 512.0330320401447 1024.920017531015 2032.672294399972 4091.3841865610393 6789.879022481175 8471.548351779324 4650.663684954161 
1.9135052064980556 3.9226111099936687 7.798418262659677 16.022848261040913 30.248787245421163 61.968308673036006 123.21272371858183 253.48363371415206 482.630577145138 977.673288558157 694.2147426022657 3502.86085043226 4094.922687807629 8810.465178524593 24816.028827595896 
2.007168135826621 4.014455561640663 8.028838770956998 16.057118649888388 32.114103169383505 64.22978826430861 128.4353522773025 256.88458173657426 513.7721104799481 1027.4683104080136 2051.4749329285737 4008.1707613519934 3428.100745307937 5342.190964147347 18045.472010408477 
1.9870495054419937 4.010644944523147 7.98418983540978 15.78956216811489 31.455943334151346 63.396803371462845 124.58654125213398 241.74324339014058 494.5645895638886 976.4108040317961 1444.409857899472 1933.9582770463167 4125.977753282219 6655.156151371983 28522.448421325396 
1.934819745689211 3.984156600367981 7.788131182908626 15.155587470079425 30.245350991505514 60.1275708546817 124.13321611089918 245.5378575090402 479.5199712333774 942.5568373120863 685.7212577006123 3404.2369137093933 7858.822545989588 16134.350272347445 9682.928691983774 
1.991744001716265 3.8614212169456628 7.835788240266362 15.653338724313079 30.9253002900791 62.17464839345988 124.24928952977639 232.76170233409053 450.6583048674421 971.7894899995522 1951.0374247524744 1053.1325792247953 3446.43793957153 14696.457997137051 24553.835421148477 
2.0065855389850804 3.9737390834303365 7.974863342402936 15.876037795327392 31.677633046025832 62.94953062084924 128.2495960982958 253.98785998948503 511.07953581298415 1023.859429928299 1538.591234226477 3596.8738859675664 8148.669144484435 4771.582377977314 11713.198834195404 
1.9894269983525328 4.004857130488506 7.971434113523562 15.885303316713133 31.60315592673032 62.87817655946672 125.24468528648102 254.71908041006793 509.36369784232187 1009.7810769445974 1617.2718546418391 1162.1326389184967 7899.285801721616 6189.0109934921675 25761.633255765293 
2.005884862511209 4.012089304642748 8.023682660818883 16.045400607030786 32.09227028539954 64.19598840190598 128.39477108792647 256.74795383700757 513.4890355010151 1026.97058497219 2045.5720573208207 3863.8801228674088 2471.0688220500283 5885.95166684717 22713.892654572945 
2.011204222042421 4.023251081231131 8.045907289428408 16.09098314903509 32.182070598796216 64.33699007087777 128.67479152815633 257.1870297480318 514.6186400978918 1029.9244666564507 2047.9869592574998 3815.8431953337467 3901.7981889932335 4404.341493843239 18958.970577711527 
1.889888311551901 3.8814449820259718 7.720573176288522 15.586014693822646 30.686319753300005 60.61368564119199 115.13183701151465 236.66260189856195 473.42564474240345 933.2380522747702 724.0283960081454 2569.574470398189 7030.57792949166 13847.45757236394 13562.039587521136 
2.005761704616873 3.953780029847129 7.936309421036416 15.867540872080609 31.382054246794176 64.06541754568008 126.5704235854116 253.23946992394005 513.3612519675997 1012.3509483073849 1472.1452140257277 2366.429863580403 2428.3644268570247 8947.998113036283 26770.40616611283 
2.002491331402626 4.010755126859045 8.012397102199195 16.003784759049644 32.02204945680747 64.13057970550679 128.12583050474402 256.1130054339325 512.547225496833 1022.573134441943 2039.0313367598683 4095.9663438763805 6099.436677250201 10266.419468523603 3605.1999133443037 
1.999672644105237 4.002942336180177 8.00177686868994 15.990005622416955 31.981348278269508 64.00194963123339 128.08773539650866 255.91095278201237 511.77501208011245 1023.7629986750449 2046.6728571537171 3973.9064374572267 5375.764866758197 8360.049143783992 6558.801301453708 
2.0031571906754815 4.0068835315659115 8.013269003735664 16.028142313981053 32.028119486769576 64.08928152977754 128.16730043402413 256.0422470344609 512.9784098643074 1024.5865893894934 2019.9559197779167 4087.8862892831557 5203.210393197622 16225.486144259454 2287.4490638301054 
2.002185701977253 4.006739512844286 8.000100039445197 15.987347017339406 31.969648006234255 63.850619337344696 127.88223054289135 253.52913617709666 509.30436544381274 1016.2008947657197 2015.1628813041825 3150.522950274225 4587.518151200335 16172.974202770336 4393.736497629785 
2.0060648403771917 4.01216807521483 8.024321367884347 16.048453976317035 32.096768621142054 64.1930340046065 128.38954601999407 256.52542581262406 513.5325346706983 1026.636765289054 2052.6853868441867 4083.360688493382 6336.11300367666 9374.853540159264 4156.645845602528 
2.0048643918122777 4.015937010299183 7.987621776873026 15.957031810253458 31.902071647193836 63.63212464080737 126.671251555425 252.9283272139554 506.6085129149482 1012.7972571501908 2052.949360559732 3341.1780817747913 8145.301171270053 6894.239175075191 6864.751869275487 
