1.402374089561388E-11 5.0079541202188914E-8 1.186252042598173E-10 4.220184794971103E-4 1.977727674280362E-6 7.799382614949518 0.008528978097888005 186059.72535958755 8.239063248298997 422239.2505220607 
1.3467530829297258E-12 3.2385670213262306E-8 3.750242709565017E-9 9.654413955059469E-4 3.6946502308028175E-6 12.06759891698131 0.022608855084924155 194607.95841972213 0.07418282184147904 914419.4317600362 
1.7158374609920414E-9 3.691196186293289E-8 9.93471459944034E-10 0.003736849666481077 1.3369381502685936E-7 1.4958741702684903 0.005241867021281203 138547.12098730062 0.6133173917067203 788793.577224564 
9.355663389571358E-9 3.5638601651410353E-6 3.811703336586939E-11 0.001495747802323111 1.0605477710122857E-7 0.6951784402932454 0.017958645472254748 26010.613692320512 0.024640112665706284 2862031.599713882 
0.0 0.0 0.0 0.0 1.1360195181229633 7485.994189813774 2.920191574094236 6661.0037625693285 3.82754793144027 384.30909114992687 
0.0 0.0 0.0 0.0 0.0 0.0 28.73889404742917 0.0 0.0 0.5265597379262725 
0.0 0.0 0.0 0.0 0.0 0.0 30.03770933397869 0.0 0.0 0.2947301526909869 
0.13109412716749855 647.5309004255304 0.15794965661370317 3640.9009420599414 0.4016806227686514 0.0 5.028745044144654 4422.77874932317 10.446335692383268 0.20104714640788132 
0.0 0.0 0.0 0.0 0.5342705956103408 3503.8181140311353 3.2970480166216816 6452.720383673604 3.4578212437242613 310.89648170658495 
0.0 0.0 0.0 0.0 0.0 0.0 28.497232315441686 0.0 0.0 0.56907472983311 
0.0 0.0 0.0 0.0 0.6462772327706495 5383.700983838977 3.254904912301185 3208.7284646741077 3.362563974420745 369.31215616438834 
0.0 0.0 0.0 0.0 0.0 0.0 28.90337165596535 0.0 0.0 0.37102713588683384 
0.0 0.0 0.0 0.0 0.9832082088580509 5050.444021479934 3.301718261459325 5078.301137399946 3.5725119920085384 332.36451933590365 
0.0 0.0 0.0 0.0 0.0 0.0 0.0 0.0 10.896644237444207 0.0 
0.0 0.0 0.0 0.0 0.0 0.0 29.118669018188232 0.0 0.0 0.3045465486074492 
0.0 0.0 0.0 0.0 0.0 0.0 0.0 0.0 10.80826109158564 0.030961151798870344 
0.0 0.0 0.0 0.0 0.0 0.0 0.0 0.0 10.704406690667088 0.07812731592088028 
0.11000453320882313 149.94018523517786 0.2324571527434831 1374.2079352319315 0.3317390270771285 684.5538970015454 2.3956094610922167 3160.9818500484344 7.839811507451567 0.10433791301786781 
0.0 0.0 0.0 0.0 0.0 0.0 30.277082934963673 0.0 0.0 0.0 
0.0 0.0 0.0 0.0 0.0 0.0 22.23876023777012 0.0 1.2290232183720746 1.942155205138088 
0.0 0.0 0.0 0.0 0.0 0.0 20.61307288568018 0.0 1.9626850732037955 2.6208043308694866 
0.0 0.0 0.0 0.0 0.0 0.0 0.0 0.0 10.802386284514668 0.040697499619075594 
1.7622068374730908E-13 3.568274420871856E-10 5.412061139658467E-14 1.73018267306666E-8 3.7490731346741355E-10 0.021401181596036944 2.3190424295212992E-7 46.21385981959928 0.5434813034870447 4486843.099303954 
0.024722704895221992 59968.179854421884 1.631709331508751 974.1537066306147 22.697267113235448 28062.156367652966 3.008606431382283 2419.180024247768 0.41339218883779166 0.34404013001624856 
0.04407759675108017 5.552181198208118 0.005200319264748495 9.259420737119251 1.6926161759996512E-4 0.0068476408037166005 0.0040912424361557315 0.003604987733161618 6.474767957703262E-4 2.759041836496388 
0.003390105412073001 0.021723516012510793 0.4273594737125447 9.05728533834476 2.8276166934999415E-5 0.04509568791702592 0.0013148532189055243 0.034532052993561664 0.002718741296821071 10.116407719294568 
1.7432653707106867E-6 1.3714638394187709E-5 1.4822338033293705E-4 9.66498798394827 0.024282291826450246 0.328405755768682 0.001261041203202707 8.887919503184945E-4 9.787841600463563E-4 10.808548873807876 
0.0524216574089303 0.1477114713322537 0.14722787782432334 12.169894129532313 0.005059828681326614 0.006474498994192669 0.0012753001202276454 0.0013022480725344218 9.898730260076024E-4 5.290795449866966 
4.1389446623128325E-5 3.637867694888159E-5 0.005732117454175906 12.773749145004869 0.0058154863523283366 0.008560887784411214 0.0011273693564758972 0.001318681629145115 0.001677751209867354 10.441288072093034 
0.10272977066957618 0.605131179046201 0.002075933680441872 9.88842536301413 0.002258143574600533 0.008630288903703126 0.00303224648122552 0.030328199167335052 0.0019718894749230047 14.49685716390215 
0.09834042521657123 0.2244393698020481 0.013186745732725078 10.762535243249406 0.0021875122653284827 0.0208390486784465 0.015292561577971098 0.005817162629727689 0.03490005319999591 4.875528946474998 
0.005625186799708939 0.09425462405855879 0.17099431258892014 9.469649877170804 4.1483863525873695E-4 0.00997971997048053 8.61541694086612E-4 0.012210369598101801 3.6330439572976766E-5 3.347864996889136 
0.04168643284196226 38.04171048507004 0.8838630618631325 14.09926717214725 0.0017139174841746777 0.09961245476309194 0.0011801257452442628 4.060292547058668E-4 9.287941604367901E-4 4.176889089486786 
0.0010738396731772388 0.005933749273240815 5.498112045347484E-5 13.579528399743069 8.967991330292894E-4 0.16168625923486377 0.0010344375529855235 0.02419860421546625 0.034550392822314674 2.2151894079314607 
2.139967155720104 139.79151505191888 0.0676155834708478 0.5289461580959756 0.4188573740751734 0.007983709515700715 6.644077919824793E-4 0.005598800580317343 0.001750968171199631 4.603856040555728 
0.04738940190055987 3.715216093013634 0.007734245504057486 10.00354101926338 7.788552598281123E-4 0.009735793888351076 0.002130679146029953 0.04186525782514114 7.824702492517471E-4 2.907636991412364 
1.4757242220210618E-7 0.1674061105828762 2.4360148621912392E-5 10.534982835115525 2.4007002191737154E-5 0.038876514578515466 6.357965504999793E-4 6.504025835292504E-4 3.8996587577630823E-4 1.682073946499538 
0.0014355363115571983 9.724643490963741 0.0015536396096840826 10.576403844330274 0.002121947058898059 0.008608896377163791 0.05416071429216544 0.06213344143074484 8.986459590183296E-4 15.716951249111913 
0.003908746560590714 0.03563841125066054 0.211716791270591 9.792221513877662 0.018690815847403123 0.017298820158796333 0.001305955753466394 0.024292859566004077 0.0023774918451615365 4.561146370532307 
0.001626190986496761 0.24575030750032154 1.149738222295289E-4 10.538431768664006 0.006761727557042717 0.009158988107689786 9.482051729436097E-4 0.031151907257928917 0.025966203815383473 6.70167093012596 
1.3832414527826758E-4 0.37255061526787353 0.186375114400739 10.163274798012361 0.0034971637658773595 0.2702179074772661 0.0011145367288918826 0.005281732395469371 7.734906437370441E-4 8.805633605664099 
0.3620052192325544 5.879235184936457 0.01494448171921729 8.115907657677262 0.001829094323571065 0.01099501311065045 7.212203944937125E-4 0.00901686430744598 0.3036823621122632 9.150513998914715 
0.0021370860651477117 0.021919188195134765 4.7513385171015285E-5 10.53209913268574 0.0011628703358462248 0.12712940992595187 6.970490291298532E-4 0.0037826597791090983 3.706397668772123E-5 2.1392199915312418 
0.30958630856655706 0.9512601427354292 0.7887128669095861 9.486617635816456 0.014052296481630169 0.04432545031177068 6.565845933978186E-4 0.0062454323556468344 5.688000553181292E-5 48.24102507310915 
1.0454082422779445 1.4329504802569057 0.04569025315293268 10.475283912542324 0.005758341241153436 0.06944647580009143 8.790799760513314E-4 0.008069466893028059 0.0012355033660212578 5.600710798904748 
1.2170828829486824 0.07015286537214603 0.10895323528691497 7.14289652075938 0.02056242255310416 0.1567054283172699 0.6291309296899272 0.01595554912552316 0.8478417109058075 6.959490819464817 
5.8155980484111E-7 0.030843299888243355 0.0074079727484627055 11.145238246158547 0.02988232034496286 0.02000835475460053 0.0012091635633086524 0.0038302473409682234 0.013704206114658694 76.06898678222376 
0.008882323562556641 3.359797337982396 1.33430769175956 9.73648900362729 0.006402154417595168 0.020495037472113436 0.0015930011437194714 1.3523874083430418E-4 0.3196788798293193 3.4460244611104778 
9.685566209106674E-6 0.3355909819011237 5.2482802856818025E-5 13.570134827765415 0.03475177550154625 0.00567977552773746 0.04192988871877796 0.012715041580179363 0.004461811027288646 1.8568006225478264 
4.947631353483893E-5 3.9902080930022876E-4 0.004289732997533653 10.660110693379824 2.823339377875385E-4 0.0942649910751499 0.014556954049714662 0.002732871572639043 0.03740005328844301 5.690042427582157 
2.3721218134678E-4 0.002279615508141592 1.6313546657347828E-5 0.001770460543012013 2.255211896391039E-6 6.504490898996459 4.7924130389042594E-4 7.85530370635531E-4 5.5666486271927874E-5 1.1132957705532776 
0.010019817612789347 1.2378171753766893 0.028301345226879868 10.696075392661848 9.699535993070551E-4 0.009307923831403164 2.7663334523266654E-4 0.012280915300928811 0.03846693940604678 5.712618578615683 
0.05423548972428348 5.061252711844698 0.009542978945866693 10.185737635125447 0.001876313138312607 0.010489934407949118 8.851891793497558E-4 0.032630789395662455 0.039250676907961586 6.175694809260782 
0.008027552620665861 0.006612484913265757 0.0011057820407327761 10.273037802956258 0.01946497297991721 0.017087993304577977 9.295108848412371E-4 0.08985466298663855 0.0010711141470180956 2.899542242508026 
0.06856138313558577 0.042968139924345554 0.004997089144719758 40.1685179428803 1.7735967448946936E-4 0.01263306079492021 0.0015124248823028166 6.183615294854019E-4 0.012918761343693554 3.3336789889249023 
0.07527773187340615 0.35080994793985143 0.003656087118383434 15.275448778947498 8.087330491626069E-4 0.015182447909884843 0.022082220572306258 8.682470665843655E-4 0.0015426503386564154 7.347237532969352 
0.004815303717366839 0.01320584798444605 0.46478108115751354 13.99206789897461 0.0010486325900158123 0.04354903996009149 8.665816638937975E-4 0.005907235079385795 0.037449953276939944 2.5296823589168476 
0.017689887073611035 1.412250537088582 6.478648280825858E-4 10.815720574731095 0.0012874518918383321 0.011704381004794803 4.3635699673689804E-4 1.9767550416768158E-4 0.0017020663209612358 9.110297273881416 
3.3180057052927897E-6 0.08198636789382871 0.021172692783509084 9.99220460180245 0.02705810574294254 0.11116366132117575 0.001147225456772086 0.04168739390607952 0.0010314592989097771 5.4906563949411815 
3.541968928810262E-5 4.3797375885223737E-4 7.367201593199847E-5 10.958224987294763 5.035154128251299E-4 0.01854007252487294 0.02680956957017847 0.02214048412174377 0.002298943182988176 36.728626391462704 
0.009201998630412241 1.646424686633303 0.07928069776876438 9.05345092312217 2.6337271915996052E-5 0.010767688096591635 7.1596257883351E-4 0.060844151009886126 0.0035876909039745234 10.079273044591861 
0.1109325617966946 0.28180310811255577 0.009595249809785275 9.941192483397714 0.002397708853331073 0.01525908297245447 8.69839506324928E-4 0.0027367069794388813 0.0024193797137908846 3.0007912759341897 
0.0012190231313611612 0.12474062067497853 3.922454129593588E-5 21.86394932773501 0.001737541376236322 0.01281217642168071 0.567570141367257 0.006363941069069804 1.569083462623028 4.817975936409429 
0.0012746527939118367 0.005801635521214518 0.20193706492472915 10.873975680286632 0.013375789724566186 0.010451161946662225 0.004647943913549884 0.007689578093350278 0.024510395546251965 2.4240906046562056 
0.02772725029477777 3.0164391712797016 0.16015835329373723 10.4533441813519 0.006127614690054781 0.006765636229130272 0.0015585662177045405 4.085916465670561E-5 9.706499479530928E-4 14.085445912647215 
0.005605038437421675 0.01793259042354618 7.555212453189587E-4 10.58853450592556 0.007349693206716388 0.019026128835566796 8.275368663137047E-4 0.001207633548868593 0.0021867440312931643 2.358775728811534 
1.0530969282941654E-4 0.227845564663244 1.3503628884190019E-4 10.363049212893593 6.420986293100573E-4 0.01720043674183021 0.023503304355981646 0.055086209294987594 0.0017230840360560717 6.796968511053174 
0.06399769120340523 0.28900434891507487 0.006767179132320479 11.706329350554602 0.0012096823700011572 0.01797352399778702 8.721562975409818E-4 0.006256404879167346 6.793711325512381E-4 3.174588768123787 
3.868023492319508E-4 7.076701164321442E-4 0.1919197283203927 9.781369726707227 9.597038885289043E-6 0.010167560481199534 0.0030844079412814525 0.07081071114136914 0.0011787651316397692 9.718204537764766 
0.003695263106226265 0.9421587423589612 0.23771818568004513 9.785898456536248 5.288350776884959E-4 0.01399543595931757 0.0013279151537785045 4.469376698074328E-4 0.03987052646821467 9.782913224848025 
6.462803601618834E-5 5.799879218431946E-4 2.720169694401611E-6 9.68463008739391 2.9664492272589685E-5 0.17261094232502114 0.001225216808018412 0.03362741498066919 0.001165247235452363 10.779639302688315 
0.006718272286857609 1.3874909114707734 4.171969206678635 9.216359758005952 8.399384937882342E-4 0.02108768815978798 5.876235033537394E-4 0.004882550116383857 0.0013425072018826932 2.0382888458461625 
4.0152881683920214E-4 2.5599684956211384 4.711449022810814E-4 10.782620048141325 5.044173097748012E-4 0.03188663377786753 8.393115909185952E-4 0.003452099183910152 7.715976150801342E-5 2.0196941572702167 
0.0563299126961269 0.3951363015189044 0.0014475404358126373 10.499016172780905 0.0011773620647179133 0.019923273467242115 0.0031640902423443655 0.05960124057834897 9.091994666811048E-4 3.880104099010006 
0.01866985472399541 50.04180559161256 1.630671673282169 8.537255762773341 0.006826581121134926 0.801580784760497 9.010452674869223E-4 0.0012745220205602117 3.854402930587257E-5 18.235324964131625 
0.0011671429251616846 0.002801635932950469 2.2217864501594434E-5 10.666790201909317 0.018319630451885144 0.1820642916776408 0.0012755368320703376 0.010990894472702063 0.017133344564080055 6.467290793512207 
0.033111148402112135 0.18499017649851524 0.0013696878871097306 10.259887791054506 0.0012779041847989728 0.011646746256658838 4.201497971424774E-4 0.013739918592095522 0.0016472691924338373 3.4593139504367745 
1.029687876942974E-7 0.11297110469154689 2.205214816490406E-5 11.242334557218701 0.007329510635500395 0.02014729938765691 8.410332366905588E-4 0.019593074630822896 3.725534099607564E-4 2.1786468408941326 
0.0013421801303270748 3.7274107929599256 1.2038223225126843 9.29666881321157 0.04194911866370056 0.06875408023560703 5.734978419497101E-4 0.0029296317274518173 0.0014392362240641995 3.0278292816478913 
0.018715294476419397 0.03558626221657913 5.928376288214588E-4 12.577558959032622 0.007248848337200596 0.018176543339201524 8.667781919431344E-4 0.001313572831789928 0.002333517483837533 2.111375133816923 
8.241649016850868E-4 0.0019286902034861945 0.20820050357168332 12.921060482312699 0.0013342087377990939 0.015430632731091734 0.022176206905461786 8.767616802803538E-4 0.0014422380770687546 2.5514801954912083 
9.756814760760302E-4 0.007252495838225221 2.2899985273827124E-5 10.84798214470242 6.676776606147252E-4 0.009898288882039424 8.647634342382258E-4 0.03360337226193624 0.0014973142303317934 2.0198913258004585 
3.5420789253384934E-4 0.004601788068682135 0.01837509638568362 10.438156613426562 3.340364434887871E-4 0.08347183453584431 2.3110187845811296 0.020298805823997703 1.3360825295408824E-4 1.394289930236427 
0.8107612868785038 52.10140707371725 0.04757257340673582 9.424225719507941 0.010198995310018338 1.2525968606192408 9.416134711646708E-4 0.0032507500508083113 0.005077690108018496 9.502912671989572 
1.9195022072894245E-4 3.163470932950146E-4 0.04396621437993423 10.72214072092798 0.009595957319526335 0.013335570490629776 0.0011817431419360292 0.004899479714602793 0.0016105861923227814 433.37957190702696 
5.75926994484801E-4 0.08080478819468759 2.691479522604106E-5 11.158422274313496 0.006178520513740284 0.1840260629056065 8.807043757669329E-4 0.011880229919145507 0.023377708410313718 2.5139876990063232 
0.001978429923731205 3.73052179222783 5.14231957775581E-4 11.223106063801504 0.002476423819528656 0.017290664122263943 7.200177735414426E-4 0.005869877889794127 3.731569846092796E-5 2.3939891053263227 
1.9859568204570716E-4 1.468293005742353E-4 0.005533687390614345 1156.9392576917476 0.0013811341971796366 0.008917586239944285 0.001044104082293322 0.0013341791224794845 0.0016394695177794623 7.405826205210296 
6.995538435044238E-6 0.19203671274358364 0.02591380155657741 9.817292022040077 0.03980759132903008 0.02257317842586423 0.001170718398367617 0.04366471912331059 0.0014204299061346924 7.347908425093366 
3.7750561738719245E-7 0.0038671396211686416 0.00858885342971433 10.629480862886624 0.0012332751698557734 0.026375426527094598 7.605289337372237E-4 0.0039529105719491265 0.012597631101941635 1.8437903644579028 
0.0013424323794905002 11.19942100512477 4.6732130051882817E-4 10.730683392791109 0.001005671200845131 0.00731920580655718 0.0012415108579643098 0.06257258880355586 9.116871333519493E-4 15.90134491179174 
4.150948015535316E-5 2.7708400709187077E-5 0.005985643879946913 11.462816851670793 0.0011471556037444058 0.009210157688760816 0.0010702336972578583 0.001316917474123367 0.0016394913032009813 11.078509737143188 
1.569832791970095E-6 0.0043788407562131175 0.008427175245785928 10.91862814570371 0.001026535239118991 0.01803002737299178 7.879545551247465E-4 0.0037053428588727745 0.2523970443939685 1.7643522310040154 
0.0018703911354738321 1.9071566822752457 0.0021184313601951407 11.392839540334101 4.887223578647571E-4 0.056119643330934825 4.4675199387600586E-4 0.007913660146848625 0.001080336537110935 9.621525282709378 
5.466543730931957E-4 11.821445944149064 0.003139176270324368 10.156499902554526 0.035303377922824564 0.023229018926693473 0.0011834084151097052 0.006513010782193857 0.0011098892086045468 5.030601021109241 
1.9510174261647737E-6 0.009051389496677572 0.012969965430473537 10.576758718319084 0.006977105342805983 0.00812144253732988 0.0011664232074779116 0.0013038436946331002 0.020026513362149816 8.551299886397196 
0.001905468904990284 6.845245336946553 0.0035498017981029067 33.83326136737152 0.024355839325159563 0.003462390749539013 0.009716929996296975 0.0037131564800204474 0.001064523402455867 8.915914711857711 
0.001437569952052039 0.004060508855211688 1.8171377084951179E-4 10.545078138587892 6.347460442822222E-6 0.007419024458897173 0.01437825916573293 0.001239254834759737 0.0011813760950117821 5.363817363816413 
0.0307154403093546 0.07737707008622846 0.0012652983248275867 9.842590994235184 6.239331800047128E-5 0.012112591885510506 4.0116870848818314E-4 0.016385849172693222 0.002417180290246644 63.86929497503921 
9.837287856400818E-4 8.485699109910098E-4 0.0018070721546424085 11.615811808016346 6.586495623618734E-4 0.008967498545559881 0.0010677318859397481 0.001345872449045594 0.037282570161793774 3.533124222766794 
0.003347946880008039 0.6853790174634965 0.27314502138446356 10.112547103482727 8.18019127708017E-4 0.010271738561376642 7.868077418796178E-4 0.0431454908521774 0.03704711026306141 2.436025975618072 
7.965436420287286E-4 0.22566003399398535 0.1156565978847424 11.76820896590351 7.585259305638195E-5 0.019947866964556082 0.0015602520680812711 8.780734961086412E-5 0.0014417331272651857 6.428054472979223 
1.3426794590568712E-4 0.23642151814010165 1.121383456628046E-4 12.00131119170756 0.0011312703369346399 0.009357597570956373 0.00116953714291604 0.0012752849954059883 5.969549644070479E-5 2.264862032842336 
2.6090145595500798 152.56293796781858 0.2915411030662893 0.6225729968517706 0.0010943992959943363 0.013780473551273547 5.985629390371979E-4 0.003240448331194246 0.007567340189441906 1.4796725267444348 
2.1786304983463079E-7 2.3022137778339305E-4 0.18418203524726648 11.482211867811776 8.674935820828991E-4 0.13934314448695884 0.0036628040287462697 0.008761076118696892 1.463928821360677E-4 14.342886303700698 
3.1071977203929815E-4 2.3872915140747932 3.708873895930758E-4 10.298718662443095 4.898703380955549E-4 0.19680603942619293 9.664652981009413E-4 0.0033806334655732467 7.748750212264918E-5 1.8460017038618286 
0.031993067207847385 0.14804819934571542 0.003403791503628243 9.07878049708663 2.740069626866989E-4 0.013189451877789407 0.011896425530424498 0.005613439528302577 0.0069889504372946274 7.141837960618252 
7.057489300662149E-7 0.008667370382020626 0.012851361449257252 10.475758599400876 1.9576098261013828E-4 0.09281494842397177 0.02885186838383341 0.005926005092083751 0.0019212949182845593 6.270140633946919 
1.0626489139740088E-5 0.32830217897641845 5.188782144266638E-5 11.234761837747692 0.02342428798686922 7.604231228888519E-4 0.03799479917014954 0.012851622212694388 0.022791323432914627 1.6035430925821534 
2.3443805437127467E-5 0.29419632017511715 5.1377049194580504E-5 12.059941943890585 1.0319892567818601E-4 7.401971735590753E-4 6.007885922878463E-4 0.012485993726127737 0.024946315904224078 3.649190737556069 
0.11658951984405055 0.380238734872252 0.010055085050735676 27.179657653984204 0.009080664838678441 0.04581734746124695 3.331777910284369E-4 0.0010349945594077636 0.035814624005384536 4.87966626091198 
0.0019133076575919663 0.7652992457405751 1.336492730468099E-4 10.181367214729825 0.26752787664523303 0.018897555061708766 7.966234646827251E-4 0.0013987757937285834 0.0023650236050553994 3.985048581066038 
2.40678976567287E-5 0.447234970409511 2.1332766495233508E-4 9.448904919176055 5.999923815807787E-4 0.08750609413580915 0.028490625932820157 0.014301209268767068 0.001966334915407315 6.384174423137729 
0.005309416152435427 10.15861063872129 0.0015790820807749938 10.876351845419904 0.0011542743016395446 0.13538418578380057 7.001565609579883E-4 0.008262252927544943 3.5922156814083135E-5 1.944209055611347 
4.826126605188696E-5 3.8846040947036574E-4 0.008539682609126872 11.75297894911583 4.8554313461102085E-4 0.009869927313201677 0.004258531400311512 0.0012598989909687862 0.002544388294162844 50.58520085533553 
0.0010734639545742193 0.0041321914064785204 0.00373880236055699 10.921337689797049 0.015599891898034195 4.628546955691875E-4 6.108663312442546E-4 0.03909318758695354 0.0241409683515456 4.1495117461390745 
1.1075918629103995E-5 2.73590184494907 0.04125671806394383 12.829089741910854 0.03255564514152791 0.09708543214271587 0.0010645413979590672 4.1759542033136573E-4 0.0010538978151255509 2.8561048380842484 
0.05767005649566022 0.8055295756336236 0.007914695574620486 10.969060912717344 4.2110816242469913E-4 0.010096717203756258 8.5114315322048E-4 0.039445662689967166 3.584450666598812E-5 3.821468431299527 
8.194496892799873E-4 0.0022394401725829363 0.1740111203592955 11.47552660016867 0.0013877536876074554 0.08585478107843313 0.001459926283344921 0.003698563186998961 0.0011224342257773407 1.7919396356428354 
0.0016113324643853447 2.386732271065311 0.0026123815176063857 9.829700207804065 7.363717450727137E-4 0.012412809255605972 0.016043609900008398 0.020258551638251698 0.0018963970975478595 5.322250115990556 
0.009758806362771648 0.055788309591885146 0.29390495605167255 10.724827967399747 0.03613642383303004 0.018867197189392115 6.902380348626596E-4 0.003240873707462018 3.474206804418965E-5 5.258733507484382 
0.08264127939125442 20.55166136242683 2.0802692347371066 7.459286264995286 0.03193882741974933 0.15898877920171584 5.139047150051506E-4 0.006508128616129068 5.4368314385717145E-5 7.418814805261712 
0.08999805725811266 0.3758971651918259 0.005206629215715478 9.351303742198734 5.613367247658915E-4 0.008476482067078264 9.198944345863734E-4 0.06262184915916015 0.03685722526070176 16.601464264690605 
4.8194432908281305E-5 2.7416610256751064E-4 0.0035269370402648726 9.920571126148946 2.8505620678554003E-4 0.10309675160901959 0.013444198720067316 0.03341347681812925 0.0015729924440469035 4.326770507383535 
0.007620391761949818 0.02496607109594002 3.827259119254741E-4 11.817871832243222 0.020161855937827197 0.07631500595314872 0.0012957062731436338 0.005934554681620521 0.0013824193642088037 1.8704498174111286 
0.0014149397072572144 0.0010108631429672447 1.4195637918046664E-4 13.998427799264087 0.020053799771395847 0.008866352918659382 0.0012273601510426752 0.001307021548894376 0.0017883085521612871 5.7572872894119484 
0.3879249057204404 2.301956849856544 1.7751673524593494 7.317263400955504 0.009297911009520177 0.8025710353568415 0.0027865571214844348 0.0012698137251120707 3.593770480383164E-5 16.060967011145802 
0.06891032029246562 0.44393803955330774 0.0020369560180404527 10.111211554179981 0.00183894632732118 0.020164296182830357 0.02816466620349165 0.008707645819022256 9.57216612871147E-4 5.86681997819131 
4.6090001374562647E-4 0.0019119832531038683 4.6381955217589E-5 12.949513812763126 9.599447713260924E-5 0.0501277543560448 5.778010886058506E-4 0.0016723710599819352 0.024185972987300533 2.2541904556520747 
0.1040566904806797 0.5162591991025917 0.008301755506684026 10.228454820444432 0.0622776950954663 0.04494663113218304 3.2142673005317794E-4 8.266981898621286E-4 0.0022397946571658593 4.170780050770392 
1.4221394880369524 0.16847695201315804 0.11088731383178772 8.717160961974985 0.02430266239494318 0.05064099903821768 0.6859727320229362 0.001310936246957145 4.702824165472585E-4 4.3297699830872505 
3.63084845969501E-4 0.004971393470596916 0.0195913989602847 12.008501761357707 3.8069286070979144E-4 0.06729839620509925 1.62070280616959E-4 0.02038253393070769 1.3152636208927526E-4 2.53818099178261 
0.0036618568432798407 0.030650874868125573 1.16460687005848E-4 11.950036101288179 0.02123693356092239 0.011900246404362137 0.0545285166856043 0.005289469786606626 0.004019486535940309 15.070942103849948 
0.00263577003155289 0.9337100628900242 0.5575752757742776 10.414539253049112 0.0022336370506928073 0.030592676326947173 0.0880475932805038 0.0052670155075629065 3.249059902236659E-4 15.014458231311773 
0.042354477382594166 0.1686388410399022 0.06509547068300248 11.082960271427819 6.664810900363596E-4 0.12138660068613956 0.0023745506010362395 0.023750951038538325 2.1677731924276856E-4 2.6064187896237483 
5.538730803467853E-4 6.257738133417127 0.0012741959196994521 11.228097411326878 0.002377785885127314 6.290733410296139E-4 0.002188047231381795 0.007763007991725157 0.023489754470702225 3.7989494647478748 
5.9300283675594386E-5 6.85602226134947 0.008850776420652356 11.023627485709149 0.02758441674313515 0.006994915290237455 0.03315409657908364 0.01435765250339593 0.011589405330739485 15.174829459655104 
0.03089520281994557 0.14410619810639538 0.00334803767311079 8.980499546535235 2.1433214760805373E-4 0.08147907118084145 0.011841924654829564 4.2663996295510076E-5 0.0015528360392212078 28.495314833705564 
2.0876511658400493E-6 0.004122138428174401 0.008685547938357201 10.379732193453243 2.6823882587631375E-4 0.05226770860630216 7.367601314526717E-4 6.013171229483472E-4 0.001814577259865835 1.879844268319572 
0.0835729915045748 0.1772058817173019 0.0016985635440319663 9.864759498696877 0.02753212537331021 0.06378323553722601 0.003216935521433703 0.03491674759981114 0.001059751438236911 10.315426447477371 
3.620290116321601E-6 0.08368078088747365 0.020169122121880108 9.759555207013065 0.02271931086588823 0.02268774073412787 0.001121260257076236 0.04309896055050637 0.0013149877719245407 5.62237918804394 
0.0012849300826679284 6.769732227512122 0.0038173198660109587 10.035883648544681 0.0019295917444875934 0.02017038993476809 0.02942511625060258 0.008780397295215537 9.641590914301458E-4 5.8194715795182566 
0.009913313380307013 1.4448099351280073 2.913296544079682 8.504712258198094 0.006825580636677532 0.7885035846705238 9.116142345120443E-4 0.0012973035200345945 3.541472663462552E-5 12.678897796407558 
1.275157788578453E-4 0.009402122177275695 3.803201212551469E-5 0.0016136251729168005 2.5562657051582173E-5 6.888397662354644E-5 1.4300065216737545E-6 1.7533791719930756 1.0448281895661901E-4 0.8733801997394793 
2.1884598209995267E-4 2.7208893472921467 0.0012410878541921566 9.703891328738212 3.534822706184376E-4 0.023157326187878486 0.03016762960542901 0.012766287821616543 0.0017472840353369682 3.8772739264409 
4.669114713125649E-7 0.008343554171866021 0.003937476057600281 9.743678857891206 0.10449223270055867 0.2542657359461622 0.0011053428595572952 0.010419248239543379 0.001214273844082355 115.3779142720772 
0.8811428368621153 49.99992566941103 0.047004298973418325 8.362726723341261 0.007058246588361878 0.1945478263253306 8.430943384323266E-4 0.0033245385381381037 0.025347345933277705 9.939216632532938 
0.004152380217266884 0.011173637101723286 8.161091034875758E-4 11.284049794673692 0.036247266007586806 0.018646408216615097 8.197434331249973E-4 0.0035292192933910867 0.002113452062986305 9.797409833307077 
0.017390843167815518 19.4855472241228 0.007069192422795665 11.848119384597872 0.0842422218755141 0.4711542725724154 9.025767665118825E-4 9.997899328258238E-4 0.0035651572623869323 1.3822998498590777 
1.0130834347902299E-8 6.832378138540636E-4 0.003305761645642987 12.671028837253159 3.063402475410794E-4 0.01480031943060957 0.0010258517984712478 5.22277721634448E-4 0.012338413512325667 2.763675202574286 
0.01715464592846425 0.10110607037530744 7.0195236407362325 0.7504914259132663 0.44161780082349045 1.5109816022950545E-4 0.7004997475985817 0.06159531443501061 0.0012019002574369276 30.435176134556567 
7.106903054119295E-4 3.665266911733553 0.1550831018938684 12.708286521387011 2.6351853991756955E-4 0.013042091079652728 4.1535146565289954E-4 0.013074139598369557 0.0012482522654530556 2.623562175285053 
0.11188548028062187 0.1617107196049006 0.006844115991580723 9.66157962099096 1.2216721960747493E-4 0.08773518845681955 0.001007662061486444 3.399588255193096E-4 0.006873583647281427 2.0335529261488263 
4.212245440976803E-7 0.00822057847175359 3.0479130248152644E-6 10.65875838120265 0.001799225288086254 0.0708673440571403 2.089344997315762E-4 0.05236497876155731 0.001073340539333207 8.064018353845547 
2.4548671508971525E-4 0.09483590316497144 0.0011575573444814425 10.029875331364751 0.007533597133136752 0.008690978312041254 0.025004075670995426 0.012611618676987424 0.03523286780847136 4.928829385755531 
0.0021609401550314947 0.1550074049607202 1.518554149315176E-4 10.381354173637986 5.421405425160605E-4 0.015410925362707138 0.028106260417761764 0.0121025402154696 6.258451104709949E-4 4.3691809206084455 
1.6971147231062578E-5 0.18533322869999647 2.3280159085656385E-4 10.845481734960641 7.845661392415437E-4 0.014456666978161524 0.038496544541645646 0.004598078412768824 0.0010261698016022444 2.9111826134510745 
0.0019577609084515703 0.869855551567152 1.2947525348273696E-4 10.272662731140317 0.018585454398397924 0.026488791623267664 1.1991960113311342E-4 0.007633562327259797 0.03488107061246404 14.444629701259158 
4.6144798831531906E-5 2.777626822313238E-4 0.00753328833294685 22.951082955288037 4.621032060900825E-4 0.013701544399269572 8.791607022159077E-4 0.02063478656731503 0.0021485218630574844 2.329339396603004 
0.0020300133347597475 0.005386933668254951 0.44586449344152773 27.958047900663704 0.00908022131065008 0.05459259280882914 3.636700857543842E-4 0.0012056990684560303 0.03710825574381241 4.933629411260444 
4.014461373404335E-5 0.19061576909027328 0.07659748566007456 10.074909986307741 0.0034989496141199132 0.27243171065609884 0.0012613855305401087 0.005068657910488803 8.23832019265561E-4 9.038987978200407 
0.00701977465757585 8.16557662788487 0.009963886538751063 12.453787563250653 9.182362995065343E-4 0.03001463667084 2.640493485017654E-4 0.005201058483165482 0.0019866850575651377 3.089386394216046 
0.058310456374024794 0.1424435310236185 0.0020939329597237134 14.457703200617768 2.1279193725736326E-4 0.08487546828456292 7.910957226008349E-4 3.084930087599553E-4 0.007602524802960987 8.52794586831762 
3.4674480107913495E-5 0.11963992241520922 1.3683457529351631E-4 10.530766898406391 0.0011821090055721636 0.01803590933325514 7.198856490901703E-4 0.012803373408961463 6.638639049021696E-4 1.9594170727521099 
2.3263154809537376E-5 1.7073154902171916 0.002004686703290178 10.413761285986228 0.001776707115774757 0.0017754248788826197 0.03243834171537379 0.012655403834713126 0.011722081299012232 4.437068120963885 
0.008254230849557979 0.049840833247169744 0.2495304116684055 10.317897945427596 0.016024984749443857 0.18948314640942623 8.28659214570492E-4 0.0033492887994058945 2.9192995541250753E-5 10.156845581795814 
0.001479708128568801 3.0120178304455365 0.0025373698213953886 9.456257247344306 3.458727675668746E-4 0.020574350768012433 2.9577177174935275E-4 0.05421088255971207 0.0017772058915105154 7.1700022990002745 
0.0014203502345782046 5.674448877693152 2.766752600969693E-4 10.58378656728914 0.0016053899957850072 0.011841063233575108 0.002828488835936428 0.06110018567587748 8.831492151061178E-4 2.6131062299705134 
3.450632335520492E-4 2.715525483795629 0.00257482013082914 12.9662764557765 0.002606064946974067 0.002119000545298838 0.03180822627217112 2.551319945237589E-4 0.0119493252727913 5.050111402957779 
0.03223411828346571 0.14733738081573478 0.003145631532052044 9.026521488653355 2.132629004429154E-4 0.08455837735108812 0.011801326585303779 3.075359927909175E-4 0.007375170650824505 8.425500615043186 
0.019728659070454128 0.055081202988857256 0.39240120401587086 11.382552514048333 8.690571846169873E-6 0.011558837906471928 0.0015057180248688306 0.00359834984251114 0.014854838490305309 4.447773776193908 
5.2305803594688395E-6 3.7734048999974976 5.243393209861044E-4 34.32486415232306 0.002898100600504404 0.021463525137588067 7.781015079802578E-4 0.010338344135284123 0.001219787755084093 9.111544329904044 
0.009903203341470147 1.4509735024790296 10.801630042704627 0.6272508535123569 0.010403031664914589 7.697743525741977E-5 0.7187430075592559 0.015613407003448324 0.013940756973690805 21.36450394219123 
0.0922851127086269 0.47526033595376477 0.005495170264059653 10.139477163768525 0.015218041422957044 0.02131982427761042 0.0034435792283395014 0.002960085821489708 1.8784876606837723E-4 15.235059172755303 
2.1808768530189282E-4 0.28370365374418266 0.18908216943151196 11.016494302538229 4.219982270756697E-4 0.11739523111590518 0.025874816147573074 0.0013917358091991238 1.4813425128185837E-4 6.3236838324696025 
0.0170839512766739 0.013811269700377223 3.219301357942894 678.113893569306 0.006473425093048135 0.015626463226445692 0.0030052015694648085 0.009055839015918271 0.0012794897501061584 3.7855190753295473 
2.2653646759735145E-5 0.33891863002199096 5.031291912782729E-5 10.361547350837625 0.02357585975731048 5.021020419510777E-4 6.179448203323903E-4 0.01251122996392448 0.02413701642405362 1.5377618205979047 
0.0010975326387431905 9.828919883559232 0.0018131688634555135 9.850334038432143 0.0036282969548400625 0.006871396067847371 0.003882230582945694 0.0012800223590495425 6.414741651014001E-4 2.8424873985953347 
2.6192765850666506E-4 2.5964677261289952 0.0013173055006491469 10.967727410392856 0.001961878195363341 0.07339303026247455 2.4076478894900327E-4 0.0058683414121480084 0.01786246729198033 6.863475275671025 
9.759604355579703E-7 0.005166487689238338 0.00429200890758793 10.487387043869619 3.2566551812182533E-4 0.00914748690644852 8.933324778019337E-4 0.05387506823539647 0.03912893015992606 4.616265900820021 
1.53443834613821E-6 0.009272924577303424 0.004532224360929201 11.626336978946526 2.3681839198777906E-4 0.015422837560719008 0.032854309937205776 0.05754009924633433 0.04089121104101553 4.949953637815646 
4.968788287269122E-5 3.0244053671165538E-5 0.005941429431170572 12.006115829602596 0.0010441684579963052 0.009269827355771776 0.0010730199159653061 0.0013893400313444609 0.007714398648681281 11.25364270462345 
0.014697070244310566 79.67580310480385 1.8786103779113403 6.92062130429338 0.0069299264784071935 0.7780818462449528 9.148155510166365E-4 0.009731648810366181 3.7476720358296856E-5 14.975235782144246 
0.0695133514943167 0.1460848031565752 0.009111856225606691 10.803932858696804 3.7199764447337347E-6 0.010113015848943412 0.002938885034793096 0.068873172162495 0.0012008503065174783 17.222397115205414 
0.018736505897611545 0.02590880667159049 7.284057951621204 0.5465073925239428 0.959286931696663 0.08103179241299338 0.018922243046811008 0.02245559160397478 0.014528299068281118 4.70397717663646 
6.00048727209047E-4 0.15091240542124743 0.15726196951076268 1062.254243866382 7.810924947176384E-4 0.008574570219384908 9.175830083627364E-4 0.0038999499430228558 0.03735998709936563 14.376000436043602 
0.06660423939692683 0.5581594943034215 0.0076584985797640386 10.648137001890193 0.044588147836537986 0.06751514718779389 4.294777756663806E-4 8.361499773815703E-4 7.278015646450131E-5 5.033294616334149 
0.08144227826979553 0.5784793174389672 0.0165395976226616 13.780427051610062 0.01178926802034858 0.009979947431459581 0.0010561360225572961 0.007786315779835872 6.369454800325098E-4 6.894773529441281 
0.0015273915006166056 5.054271950761449 0.003017678870930601 10.403455762998009 0.001392632263693432 0.02572677839635666 0.0021513336137610173 0.005104704195903532 8.126968528200694E-4 13.710131464910535 
0.03567610162738672 0.0705828803001912 0.10038753016345023 11.15775814179296 0.01809936007823931 0.011655328294006465 0.00706724566901893 0.03402945852781539 3.633553119998257E-5 5.977496153368049 
3.684054169604373E-5 2.5692879908420094 8.475178149275163E-4 9.753590734054452 0.031073910274222207 0.001802412640452991 0.03359414972852559 0.011409750432197364 6.299128135379286E-4 4.698099591239979 
0.0014797378182065328 7.805510169213448 0.0057828855822260996 12.313616755128667 0.009427343194085485 0.04593243108693084 3.1996818147068495E-4 8.781275477976476E-4 0.034404196201020656 4.789542643430274 
6.644203266869582E-5 3.04258018448786E-4 2.989907537982831E-6 9.723545497213529 0.006794529085368802 0.16820967732437897 0.001240320491124564 0.0944071800121711 0.001145733372081364 12.638292783905792 
0.016501207776634552 112.66136457398994 0.06701110559413086 8.519720559651265 0.009379911134830237 0.7900852733370609 6.718720668163086E-4 0.0011976028090312936 3.442990794468923E-5 17.417833821614536 
0.061936928650994996 0.5810307291030046 0.15326318748524528 9.98330558465475 0.0013096773276299895 0.06243573844765574 4.6929955547381897E-4 0.003687279260394092 0.03235045922236878 9.240295676173348 
0.0011022592940967883 0.002943206149886384 0.07896733620593782 10.51703600091166 8.499038377356297E-4 0.009114133409013545 0.015073876916784511 3.17477922667069E-4 0.02266693647630165 7.116991137047611 
1.2524741876708956E-6 0.009140455224560683 7.308220659267953E-5 9.772447987084663 4.831523085699415E-4 0.021598357466698744 0.02593519774441557 0.034312727062340634 4.0307366281774757E-4 9.01152929949805 
0.004224130886166062 0.011189786640041728 0.3035255865261569 13.96632327584631 6.451302660924225E-5 0.04229858345068059 9.973435856925493E-4 0.0083616812112941 0.03629926121066409 3.5114846741727423 
0.043005338788747086 6.412894747550629 0.007286080168150887 11.223282464104786 0.001174882177735204 0.009924722112746332 9.128084394479421E-4 0.0314617318070534 0.034869918710595284 5.683504915375698 
0.09572466818340204 0.24416377904685566 0.012310658007919096 9.85058604446064 0.0032244538622814003 0.020285215927885028 0.01448404856891127 0.01871071918127445 0.0011899979666002798 5.279616160668775 
0.0010651370958906278 0.0027764140404664952 1.7257062743917948E-4 10.928606088589408 4.5683420350149743E-4 0.00824428344415219 0.015113341906536132 0.001233780358569438 0.0011865125117526837 5.028860642275795 
4.57496044094243E-5 0.06094503151142478 0.42579620927066714 28.15157073064785 0.008581219731200617 0.0837462868920214 3.7486101992746917E-4 0.0011848139607785837 0.037300850101646306 4.9953474785476635 
9.710037594237525E-5 0.6603070792194932 1.2940796560523374E-4 10.376382661658601 0.03646434189836261 0.018970170079535276 7.971994017810356E-4 0.04188308540634621 5.092850371474589E-5 2.533543217674096 
0.1799133201091697 22.681677679890733 0.02427758022934647 8.629533014372187 0.02883690102240532 0.3709667259248792 0.0016331138180728125 0.00381791345056809 0.016217971737115096 1.9632138561477326 
0.010677016583192348 0.007026608854783086 5.576216615160415E-4 40.6300276005885 0.027284620929439403 0.01324682062841609 0.0015021885759237575 6.133214572345568E-4 9.939178257163607E-4 3.2397755534123855 
0.0015683601326110705 0.004705832792130256 2.226245205635708E-4 11.38115377536212 7.714158309940114E-4 0.03057758199222272 0.040045112200238306 0.004507206612699524 0.0011455943002509252 2.9769121599015906 
0.0015171132410807372 16.319909733562916 0.006519391485516246 9.88763462284289 0.00980122356459084 2.1354044454692898 0.0011413109709914639 4.823523729090237E-4 0.0069211469450827234 4.1365658879539575 
0.007803052887679233 7.488750852736457 0.00960697517690267 12.609998626561891 0.002028336883010081 0.04287039109307443 0.0161203564207615 5.079113747188599E-4 0.3031426825495891 8.365068644335512 
0.04127880566394531 6.5436142646692215 0.006656003419526739 11.293611030158013 3.383077219096417E-4 0.009949398240831292 0.0013669784428196167 0.03205902185019674 0.0016509930092761527 5.173103460858902 
5.037669942801251E-7 0.003275191420178311 0.008058171563691582 10.543022751953773 0.03871995347925471 0.24858365506967828 0.001655850904928503 0.003998131296173362 0.01254367555581452 4.280549784886988 
0.9833249369318555 202.6479611078228 4.146161018182621 0.5872029637911126 2.824510808328698E-4 0.009281373768547572 0.7800230705538465 0.091913632065076 0.036827057730909454 2.42990772154067 
5.614099926205091E-4 0.002989115087981089 0.019946148365960283 12.069750492769323 5.083296485412363E-4 0.03479838398029326 1.6039725507447977E-4 0.02083458231915645 0.002027187544309415 3.337285395399981 
0.0015193314265166255 0.004273772819845946 0.23775464924600617 10.923127793334919 3.0660798103604534E-4 0.01630512352861711 0.013229543136134359 0.006549095828804049 0.002097645330374143 5.8232211394470665 
2.128981881906031E-6 0.01685234673108529 0.033222894231119196 10.731452763225038 0.04559667589619208 0.018695020791628596 0.0011617486977877122 0.00705852762707662 0.013327274197735346 4.223539380484097 
0.0013209035698930182 0.004336410924221033 1.720942033891904E-4 10.341270082089732 5.835350756868945E-6 0.13926751588571232 0.015049478252029586 0.0012654830432452153 0.001173819803770863 4.14002097395446 
0.008275635448894867 2.898080391197964 1.5538054457234332 9.839151173298886 0.00313126948590814 0.3981247336906861 0.0016736804843008612 0.011274970213265756 0.006732126183363527 1.5770601605099492 
3.6249011978198596E-4 4.613482607097159 1.5573843630125175 10.915156095971456 0.023985047966701017 0.02080383699438282 0.0015562754345473141 1.6281658427556224E-4 0.3109630046783552 3.5908295580908214 
0.07604032685249687 0.0823525301363227 0.005186269611882736 38.72219907679221 2.0614830527038145E-4 0.020047045822195058 0.0015208880292255959 6.350486667461353E-4 0.013297459776988534 3.576396192968981 
5.561464344567076E-5 3.057648491828694 8.135914983681036E-4 0.036176914048913544 9.918841315667158E-4 0.004897391905105597 2.5266178011938593E-5 9.100506870174778E-4 0.0025231084120245087 27.493641324139034 
2.502777464836504E-5 0.026322493845983445 4.535816208948875 0.050152956130889305 0.004485529246528303 0.0013846214772801513 3.731977053360761E-6 0.0016067660807594715 0.0014963690435055661 40.76929143193601 
2.0403105475596275E-6 0.0029406345667215518 4.580111433420106E-6 3.396216199135092 1.8896075917647397E-4 0.0058520580152953295 5.509626120348701E-6 4.5997052305615467E-5 6.38967484913523E-5 23.704536159338613 
1.4516194424726395E-7 7.503881524060546E-4 3.93590383825445E-6 0.0030021852230518405 1.5094672794731983 0.001317319925961687 6.367607133647461E-6 8.707985901944E-5 6.680538803086395E-5 13.610097089101773 
2.9825976147637425E-7 4.0300453269929027E-4 3.942459242869178E-5 0.0019106508667590413 5.5124147727000803E-8 7.45734986761335 6.313068570414638E-6 1.349853807697487E-4 4.843857340230433E-4 12.790703170208932 
6.838113627229105E-4 0.1817022220186416 0.02393829143535438 0.19098521175621042 0.004828616793652412 4.879768145627382 0.24070756123432277 0.0048701850287081365 0.08390948144173342 59.80445658450267 
1.3631143333630576E-9 1.6944356936422802E-7 4.507213172677295E-8 7.816816590113646E-7 1.0827780774146129E-10 7.474692201462786E-5 8.310882310822577E-8 0.9769489688560004 1.4263060936744974E-4 3.7672427490752045 
1.33148437999458E-8 7.248647367691955E-6 1.637520579109055E-8 3.5584730769697463E-7 2.812229823674014E-8 1.5055131435731979E-5 5.412960636032836E-8 6.754188592463992E-5 9.082363584387062 2.9921380014097907 
3.3315431712581065E-14 5.0424413758332965E-8 4.24280472150909E-11 7.713345323534171E-7 5.463390677178829E-13 1.975217287889573E-7 8.379331270984494E-15 2.2575564218588336E-8 1.711371431335633E-7 73957.64076721502 
0.001996243680704398 0.4597225174463431 0.06898371171616907 1.4538781725745284 0.0018055359064080344 0.07518140586167103 7.688268246341067E-4 0.4192342918537004 1.8986150534532227 65.021901200728 
1.5802848386093845E-5 0.022396954496122574 0.14187071573165955 1.40136867019797 0.03555265716185111 1.636689136145666 0.19518525761724076 0.0034931292435751563 1.4250766927679237 25.694776231562823 
2.1882525187665294E-4 0.13036704337644311 0.01536038076598645 0.15997662162525167 0.04202197114218773 3.8695348569042243 0.20092823192948883 0.18906538193464856 0.08491418767008924 61.273724625220254 
6.348826728732725E-4 0.2742466871409827 0.0021208769067993707 0.3392343713280739 0.013128753355469917 4.52598736577617 3.0418078408812074E-4 7.597945703607973E-4 1.4395613505025688 37.768799660809805 
1.6660605826262958E-4 0.1463128543119724 0.00429532873502219 0.10867985713364574 4.8244066359428287E-4 4.166895300574415 6.763111188691059E-4 0.09276030596044663 1.3053810370688612 19.599950649499498 
2.3993753582542726E-4 0.1498904761435268 0.010270076203093633 0.20966051721818574 0.0409775412104448 4.0262745630425965 3.004083682568441E-4 0.15553698513541694 0.09250820949176312 66.21542899474335 
7.177402364784287E-5 0.023233499968492673 0.07898171135194493 0.0917472969170899 0.007664578962476585 5.3549496018012785 3.9675117222923346E-4 0.0024210090411443345 0.4771182783278425 71.53271520094452 
1.255857037551135E-5 0.10631265137970902 0.02871124239258415 0.11057127354274476 0.001209997295192181 5.039433726325938 0.0010242392298879031 0.08055953602355942 0.031914912249856736 82.97681485517967 
1.794914436170577E-5 0.002436158590183865 4.588011310077667E-4 0.013228390454174899 0.49264514826706046 1.566197470994601 3.942166235233178E-4 0.11677193333193449 1.4529533261613437 51.97711726801351 
2.6188187589845667E-7 8.083595400123271E-5 0.0032773080622753937 0.008806736625240215 0.9358791978363257 1.6270333281771383 0.04434280905490558 0.6392200267232486 0.001544066832898325 16504.17048613097 
3.8837988478913935E-6 0.01036469912050936 0.036035826368695706 0.12852587304587001 1.095167860876573 0.0012662334322069981 0.44867362505187297 9.946351506449758E-5 0.012145487496839335 18.71949989057793 
8.936547320906981E-8 1.3783690545989544E-5 4.8662566595547E-4 2.1034815561430493E-4 0.1662356995139437 4.3969517048374005 3.484266351824907E-4 1.952321677532848E-4 0.6233593834894298 90.62714204283931 
0.0010976788794036783 0.016528886344559585 7.470188351212435E-4 0.11275944223446732 0.3232648470306766 5.172443187157778 5.858347768411822E-4 0.08906829631377464 0.022892593541456695 57.66163621394328 
8.720016622527512E-6 0.0010636394811739066 7.52672869050248E-5 0.0019720324694597717 0.1517063685354029 5.658894639159245 1.346247634813918E-4 0.005449456246955283 0.02497400483611512 65.21881366962396 
0.0014758465725650284 0.01667745392068152 0.06947475951506801 0.051577797029427906 0.7258952623547377 0.041266292251511384 0.001754284085387974 0.0034452150020846772 1.3000845104551193 9.787529939906882 
0.0012412180498316033 0.008254849317002575 0.02988015795721742 0.032127835212510454 0.6556711108005722 1.759641964309079 0.012211815296122011 0.15733253849036966 0.03615356306894557 29.105753492006553 
2.554395656383849E-8 5.0111635535113E-6 7.719030318920706E-5 0.0026979790992791297 0.7533222731730461 2.6123266147163506 0.03849544040453234 0.001829645734013445 0.013342424851002174 543.8040099935474 
5.688874192557204E-7 1.280777880432421E-4 0.004123724258634579 0.0023851176940890583 0.42112466394507486 4.9211628551618345 0.006960221947978445 2.1293170222748108E-4 0.10018369903652867 75.06684727923641 
0.0015795408936491934 0.014120010427470605 0.04320499226030762 1.190269573119442 1.25609976364151E-4 1.3731053731562517 0.0038999971450747774 0.05519902350019952 2.0027112643116767 76.49830166323021 
4.138092171808778E-4 0.0025533110221784795 0.19749139065593957 1.1860824114393085 0.0035184606552861016 1.8307397342581688 0.006904748946469692 0.0656160043858656 0.8618021175149463 35.59743574874765 
3.233799899011151E-4 0.04765459933466032 0.013717874165706228 1.8127547853184451 0.012925525622315132 0.6735193901909726 0.009304323037442231 0.2510670416358281 0.3591812441297599 12.60759910679809 
2.4786171129228604E-7 3.8787424247226565E-4 0.0027961480531724803 2.5738258473333526 0.00532357048973497 0.011654911460245646 0.1625258388423798 0.004527330944557042 0.0014813097703896714 12.77378181874248 
1.7446742745182384E-4 0.20352930720468354 0.01316403775834611 1.3633901321914177 0.06214412375085778 2.5364196988521845 3.823336916071961E-4 0.005760938179629007 0.5673560311456612 17.92523104750113 
1.694597056987343E-5 0.1572210372948689 0.013907406640496863 1.3011213844290808 0.013358153798691694 6.492902719666587 5.64750384326572E-4 0.12735739074601654 0.14740118096635518 166.4650333950881 
4.591953758342932E-4 0.09145906081784937 0.20021150225619644 1.4996573492017058 0.11535415489142581 5.6936098848504235 0.04298357556827457 0.041315164750455914 0.013651552578019973 17.02781786936171 
1.4188772253487142E-4 0.018449810964225984 6.074144274893508E-4 0.9720380627210197 0.008259122109696725 7.966587804366369 0.0035085601056775366 1.1835369298669561E-4 0.08742626532596283 29.21456042615124 
1.8497140220420291E-4 0.23726172952320845 0.006867227448897417 1.267578313279838 0.180160315842881 1.6277493320123997 4.750474675856952E-4 0.006287891353735606 0.8029283973768886 18.67962472206521 
2.0023659478430423E-4 0.19525769544855143 0.01885876578053305 1.2900416610029783 0.15783927058980843 2.5330558835402956 5.356013849607719E-4 0.004413777638229784 0.02707743576646062 21.542114432836396 
1.4497702172503793E-5 0.005731703185183965 0.00737886093048325 1.171962865578367 0.8396348512868601 2.1566018168270795 0.007761923635288066 0.02136178069672413 0.028978011704352217 16.52876405206169 
1.998484180204067E-4 0.19318755700044907 0.013071629160770716 1.502919974166924 0.0061197172234775665 1.7045422669093044 0.0011797819768536192 0.005990143963701073 0.49551976622899246 15.658928208216505 
1.1742159109602565E-5 0.001930028445193023 0.006097230450932008 2.3748189610434713 0.00988233188912825 0.03671277602818138 0.001402302782987968 0.07816571597210693 0.020724928305561146 35.04317388237788 
0.0015226628274024193 0.3436641172016325 0.01368532127401548 1.7582761985674493 5.137207384059284E-5 1.2512804839077392 0.04424243885188838 0.009691964376100096 0.0014052222002765547 118.82638217203682 
1.5183894054059604E-4 0.18880996848382484 0.009596806411237346 1.240688652203762 0.06234025746462412 2.4168514983024263 1.4227083705419985E-5 0.0062771757853948215 0.024544064206305713 37.905111099508396 
3.206907837738023E-5 0.003311048205127239 3.2043809727250075E-4 2.2886681580225616 0.21628553208993784 0.025254895409944883 0.005759576102537 4.4819480569442476E-4 3.65762291092532E-4 35.392413810299686 
2.903789984159948E-5 0.24396678727518564 0.7230511066056717 0.8187801224294767 0.01701277980551756 0.030022901861793554 0.0017886359234398131 0.15502435758033764 1.4535450843277353 127.72398183493343 
2.058904238039556E-4 0.9131885595407997 1.0638132883533666 1.0582196772539727 0.0020936883591223484 0.02640718735679849 0.00844315393123461 0.48190892104622357 0.001433529669269725 36.72337430633215 
2.0520004930670523E-4 0.42175637918608777 1.35837699023423 1.383450190614599 0.010830165492084797 0.1796617754473468 0.21028967876433985 0.07603625954610173 0.06837468785396689 107.0648263667745 
1.22727912718805E-4 0.04934621993236627 0.6907708066993099 0.06420952535647263 0.019110666082293608 5.535556725498318 0.0074145326525459545 0.0042080784372250995 0.678643914099477 25.831484565994497 
6.697317536624859E-5 0.037940125852185154 0.18681649574159254 0.22753464040458474 0.012929472860068812 5.00171659027781 3.793242895112103E-4 0.009830943848013937 0.08708734127929098 67.960538401908 
1.1008370986340571E-4 0.13420733143797084 0.544981161604145 1.6647868857402626 0.015054193892576678 0.07480937179684317 0.004425145312571103 8.107932602592705E-4 1.4118036102207172 110.67063365612111 
0.0014586693392216864 0.011787719941157002 0.29795833757922074 1.4131796846580473 1.728522507943511E-4 1.606002330221454 0.005312658602832038 0.07560558546997392 0.022492543436868313 26.333464449817082 
5.225519444655799E-5 0.008922072316191717 0.4800343993543775 1.7657477455446888 5.673291094849746E-5 1.1763159733852286 0.046007139059593735 0.0055633548322317735 6.057078247440595E-4 131.06864311907856 
9.274823141068818E-4 0.39747262010341133 0.9447788382669672 1.372837490488092 0.0010887657065777265 7.202916227502623 6.113595656858814E-4 7.653689632348682E-4 0.002183359781925574 54.129779341050195 
1.2956466615336494E-5 0.012013134371302771 0.559648383723475 1.7961188952048788 0.20313994422820494 0.0312895157470559 0.011432498657809494 0.004362223419609801 0.029364330930178532 67.4783049830459 
3.956377386552735E-4 0.14065737862444927 0.42295382510405666 2.1583626893414065 0.019887499538530147 0.03623853123127272 0.008164064308969998 0.0025544957987714305 0.013990744509089421 507.2039678407171 
7.56216529737762E-6 0.059824879092053494 1.2535891096102005 1.0897564782098186 0.008545664346716247 0.1406824618214638 0.0010573204288438823 0.15144475562257834 0.4405603791545327 40.12181391331125 
1.940053200147667E-5 0.028832175301241186 4.8362714449159006 0.046242810336451855 0.0026162102911066213 0.0013423157093169994 0.4364452289273629 0.0016797406827459968 0.0013300880956126301 16.362707785362147 
3.606176609629258E-5 0.027670203856627718 1.6683432860031016 1.9211447503314552 0.00836442066090953 0.0339556719670647 9.865755459707829E-4 9.586411977315391E-4 0.07181039449245938 43.030175752341066 
4.682697235305977E-5 3.1110154438675814 0.11062922795731404 0.02898162846970299 0.003918190224226098 0.07084412357477496 0.4222444993076483 0.0033258224637809433 0.03361676646144163 23.688146431611436 
5.847869648946381E-5 1.0762804723524662 0.0022306201260047787 0.23542890784025483 0.9083843061336195 0.1724625762121074 0.0010736957258817008 0.02156791751347252 0.06371922489230882 44.15143677081296 
0.0020720246979188755 0.8840312689036545 0.009438200697990435 1.0075152510472993 0.00296469023640568 1.3046611966671906 0.0017840849874050544 0.00950170237082857 0.6478150866622905 117.90054232132863 
0.0027557264067718003 1.4233171344363957 0.01867114530678662 1.5817138043153949 0.008881873670630655 0.03622390587725508 0.0013417356134239609 0.07699926536840113 0.0192694399275905 75.12671641759502 
7.025610326017124E-4 0.9068654438398841 0.05274276444921231 0.6835050888114069 0.05788662707819145 2.4774471860713785 1.531529560024333E-4 0.009008450097936972 0.02705186064293681 90.81631957037945 
6.852850337314391E-4 0.7719964289410688 0.05665398043274215 0.8741456039867892 0.204890333452783 1.7806894603028238 0.01149515007405047 0.009960395396929816 0.0203600569853802 52.841715507196454 
0.002057838938093038 0.8629195917667042 0.01727304301856895 2.1730367624261504 0.04775493684760714 0.03436161851206881 5.464379383701773E-5 0.028961708634036156 0.0011256120394930822 119.05124417808588 
1.422679896273439E-4 5.935092694953063 0.005449454631371542 1.0092714458976497 0.0011526495500927259 2.192085190381546 0.0042124040604707095 1.9342239218196277E-4 1.6813831537905184 129.97062534713237 
0.0013802150867897522 1.6994371026583222 0.0913328795235004 0.0387496873329802 0.06189289734406643 2.4120162149378537 1.499718686756008E-5 0.0090327756594955 0.022832508359141062 20.650170000668343 
0.03521637039169159 0.1618537116588536 0.0030373493393877327 1.2502671612718437 0.17177366757984003 1.0497270943335826 4.901688032959582E-4 0.14497849424263762 1.4843922361974868 155.81715991084874 
0.09076259296558098 0.5175613161453977 0.03158677919037622 0.7027569580569109 0.014543876932191323 1.3917920879112113 0.0015968790623418414 0.8647564143938862 0.6999468105299383 58.076487372301834 
0.029777354215447638 0.1940385406462881 0.017541863271871943 1.324159138398806 0.08491886894215031 2.3232386379951513 0.20953519435327012 0.0014224001776889054 0.6763282663261183 19.89869715354115 
0.03930237930750836 0.3293142484745386 0.0026157929187674 1.4561674917205838 6.744259927872931E-4 0.029931464320402397 0.003821017327082816 0.057157765106029004 2.0236843241013585 30.043977081563472 
0.010024099251755016 0.8605386827276689 0.04554645766430649 1.0394912142562207 0.08370219154929795 4.749208686369451 0.003261602375294787 0.0020041973462624186 0.0017626245283302957 469.7384706529496 
0.032945324545785054 0.23057960613863518 0.9208848577333005 0.832042170566601 0.0017403853128347758 1.206464569119526 0.004392433107114004 0.06067257952221738 1.3951665722370952 196.2316015395355 
0.02873623545887417 0.17516491930936576 0.7444141169039813 0.7534154083059368 0.09221552776110287 1.1090769790411004 0.0013772023976269514 0.15912608809042256 0.09130186683653103 125.01213588225852 
0.04400270001297656 0.2899408761088669 0.8756126274766718 1.7380477853766316 0.04536683197331028 1.3611721045498755 4.992662599966241E-4 0.07427754938758081 0.047371345303441566 112.31686220133295 
0.008826681344057943 1.1621459816355235 0.014982724332664912 1.2459406569200784 0.04131747619197049 1.0909510283983297 0.009836237297946604 0.0024764081591534368 0.020260310934507263 33.06356218335862 
0.12664599482874775 0.6230326504857551 0.039841324172042086 0.8213965715392209 0.028584236980336745 1.1940418110253406 0.0018369612601268075 0.24671417177887317 0.012835284128785778 56.10270136406148 
0.03994061405911506 0.24713903027370235 0.02141821054865799 1.5851999323172636 0.03317811399294916 1.9212760385372605 1.8660668970251943E-4 0.001630807135045558 0.024781862121252014 73.45518465363543 
0.04252113724959925 0.24076592317879328 0.9726181396407312 1.0857311457718914 0.023154266884011718 1.1582961986750575 0.001856046468957097 0.0034382209599302964 0.001940316691535873 25.439313453783686 
4.7304767328421263E-7 0.003139398375796195 2.4101037914719744E-4 0.03202523562582729 0.048978572374493594 4.947539804032113 0.004332933125111683 0.21558896888652596 1.454324534947995 13246.707717459449 
1.5184802140641394E-4 8.564693206544291E-4 6.171456626680112E-5 0.0013881663428810325 0.12259199121598355 4.890070623742212 1.1961950875967944E-4 0.3281103617501622 0.10565750756465414 16313.032338494808 
5.891344750684357E-4 0.2229139566773849 0.001984032356117214 0.19503833287599276 0.023552864265654963 3.889477672326269 0.21158469268778413 7.39167907990433E-4 1.1600871997829298 14491.565599490514 
7.098855308572368E-5 0.03219748910257074 0.14287501751275042 0.19597366252032877 0.019355062923215507 5.758551334618147 9.594743344363077E-4 0.00389219336729745 1.3138483602872628 14725.966707969423 
3.274607539003771E-8 1.1635235032824577E-5 7.692416088966414E-7 0.002695597135998864 1.1997671640382038E-6 8.203686473555845 0.003244692902636444 0.15833390774611053 0.024105589447433594 15505.182559552579 
1.6476512665090013E-5 0.0026557952576306662 1.1593570018910927E-4 0.011814896309008784 0.7144881351391652 0.06081908690722656 5.579120012007477E-7 0.002295186486541193 1.2946269802910704 15962.871423233637 
5.6039775427440576E-6 5.409399725825288E-4 0.003079436097483861 0.014594555832305404 0.6233782390835679 1.809456322116845 3.3962859053165935E-4 0.1477096504312433 0.07160400950565181 15378.386830197722 
0.002139197641311951 0.00959439505820744 0.001297584332396839 2.0876673890759753E-4 0.3128586896263493 5.302775955261141 2.743055788463591E-4 0.0032784795001883347 0.12626771622430655 14825.305836966356 
4.062509012513726E-6 4.118814031570431E-4 2.5077675568284918E-5 0.018264762004786585 1.2563595774541507 0.11074695712132715 0.005955043300766577 5.365182610236385E-4 0.0020944816353632607 16298.22727154946 
3.0022451914634015E-4 0.05191914790996256 6.719513790706209E-4 1.5835877745251266 3.5199312722726517E-4 1.0485414096271632 2.932549388279775E-4 0.002412810789851567 1.1989226627615652 15428.905949676662 
5.645823661698476E-5 0.07152158463644269 0.007440074145344078 2.014454247821626 3.3218416114773856E-5 6.358849623459476 0.00826974311817754 0.0037766595259539916 0.02554909399292695 16067.582588717369 
1.8040774348086064E-4 0.2701172000285374 0.01811399609960038 2.5764665790551278 5.136705491955696E-4 0.6088838149422772 0.01568427905818308 0.008904998114722493 0.026200850169705296 5461.54749476435 
1.3416449963195862E-5 0.021470627801183296 1.1955657520232188 0.800848285040863 0.10693462948580805 1.702453459143327 8.816105957461834E-4 8.323130698297716E-4 1.1637480209451792 14726.423133856717 
5.008965015399607E-4 0.18797373272996543 0.6958882921843262 1.3119448264072033 7.069460326876225E-4 1.842745153580688 0.003053109324071541 0.0028593621689680486 0.36107815636446183 13929.211330614862 
1.0603250835293924E-4 0.05129101573878402 2.4013525460061103 1.2707078421633091 0.095009419272433 1.0949915120650853 0.011217517416367567 0.0031453079447848332 0.02419888755913789 15957.544791045117 
1.1251886141668681E-4 1.1204839013522878 0.06670972214739397 1.3143626228761065 0.024228890301321585 1.1128754563824237 0.01054508971260885 0.003121070228353182 0.013101960009065767 14715.737995095998 
3.534037016022202E-6 0.004230222596279908 0.21567156993357717 0.10924727680463898 0.009121078253804616 5.358386501082557 0.011420141260697937 0.005581324230586146 0.028293258524905267 15957.992210203829 
0.0012608260717094338 0.7256226499290167 0.29684053647145114 1.0774755529805842 0.05903435057781045 1.9370026305256316 5.197629992163347E-5 0.0029096905580103328 0.11545561785320602 16198.877193335296 
0.055586742936553565 0.29191481208192727 0.6390724452094121 1.1735673123532502 0.17521320237205804 1.0929158366703369 1.6462605752807713E-4 0.005098288900677129 0.06085023716634289 98.36983560538391 
3.3227303276076167E-4 0.17152608937781483 0.8763294239028296 0.7475475698743285 0.04327846531587806 1.6853419999443617 2.4431214411432817E-4 3.397923542944306E-4 0.6235009752152907 16.936242976591142 
2.550803382845353E-4 0.22255423988106166 0.017924580566040682 1.6857271476439284 0.037280649050212694 1.7213084787653237 0.009493203330914073 0.006348542730558896 0.023889627635478534 20.40451520365984 
4.2055794618060604E-4 0.2038734068437384 0.2289949263025538 0.03196972708646571 0.7566334419989122 1.9341081543791177 0.007044266179397723 0.019960750785481478 0.6488271776837717 41.40623489761409 
7.385290181289881E-4 0.19178898997529448 0.022687805140342052 0.20439974670768535 0.005009929934704212 4.866505719036138 0.005764374845436417 0.003900865262715297 0.08766590585313497 52.2420270837954 
6.560521554121969E-4 0.7308387526876368 0.06499037736236822 0.9853515016262323 0.04797699330314336 1.2306923782441341 0.22781511333618681 0.09584998953653662 0.001335549246225142 957.0871153352558 
3.157107792905607E-5 0.015844016467161666 0.0011635778233739912 0.01027244899594816 0.1886322609867085 4.520224682793511 0.03254779895078395 0.4170616667799225 0.5882196589409475 167.77609493798312 
5.209493255563374E-5 0.8984620971276573 0.008956585555923357 0.8873088423408865 0.01074576948407268 1.361826754189091 0.009021947708092944 0.009343585317226254 0.571985764189918 15567.209890933742 
0.030621508810380255 0.1816834594945737 0.878202226349337 0.9642928379847943 0.12067319897023784 1.5614652982506567 0.0018237946459235717 0.0034936802526415686 0.09381162559434648 60.07880744856799 
0.021438094281309095 0.13575318194275052 0.023980274024313075 0.22544419147479877 0.0051802507722917375 5.668807214341304 0.010634404756716035 0.001098173722180848 0.12007896677861354 78.49441047989411 
0.025067643156139692 0.21849580730991747 0.005611482702632003 1.0686532463060792 4.540569464424957E-4 1.4154681813414178 0.003956288377606239 0.05609460908587387 1.8075489691831377 173.38755534786102 
6.737738274891627E-4 1.1581012218061617 0.04375112837991279 1.0797618552272552 0.133979775453318 1.6201942787122299 0.012092637738969283 0.008673649665280423 0.0214213316594512 53.75987336868892 
0.003631770444809206 0.40752704388211836 0.7936259477711934 1.265331779698859 0.05022470663255111 0.6398330981800382 5.267548126765841E-6 0.0012889122366420826 0.02472794055184159 42.13786914869361 
0.0025759817156123773 0.22496171288762287 0.5235491168746349 0.8548205653298621 0.07614043104532964 1.7559267578375346 0.012502723499426622 0.1611407039133432 0.03717613291830431 17.154929735725194 
0.0013183979316964069 0.21541466782683152 0.6994026858377832 0.7922324784444925 0.025984309767166355 2.429374412100717 0.006576826776857441 0.019283231192334143 0.7922565257114533 31.019830558888707 
2.0229046489133947E-4 0.16599839266601304 1.0720625400262862 1.2049809220388694 0.035590014081112224 1.7437603919311755 0.003572659797335306 0.07783599537825639 0.09820555992010124 15666.988616004963 
1.4987510725830342E-4 0.44371748494578345 0.0010016982929853093 1.2636487927751288 0.19931283261662047 1.483371506337298 0.0028743056144165564 0.004123607273098245 0.4330239598625775 77.74338114648276 
0.0021916062868533085 0.9617460638683565 0.016234152067088434 1.220368436570574 0.003153531963877457 6.38969324138721 1.1672168745364114E-4 0.009646117704913287 0.6470806820424997 121.18176346681885 
1.6768517846015118E-6 0.0014048297927442993 0.26854720721934067 1.7682568244630086 0.17056282092403915 2.605757894669408 0.040552451670527005 0.013384325279792279 0.45282291288750665 16.68643841660333 
7.865812618489975E-5 0.019218669516466304 0.30707989383733647 1.5420191156326084 0.07974185771311831 0.07686927142788127 0.0011467206212217522 0.1621305879302753 0.017073391779471987 493.4846197083029 
0.001982577804265298 0.2040286593670272 0.016330916710422822 1.3723007715874893 0.02367851305883089 1.0228847842595945 9.291556483332261E-4 0.005122665536641984 1.258960423763598 18.235078921551164 
6.687555253960379E-4 0.3663250705530043 0.17103082477180817 1.5392676436201238 0.049151584366419074 1.8314333568079575 3.5057720027981235E-5 0.0030032640281016897 0.11443272114333364 16070.361236001889 
5.5541185871431E-4 0.1250212877993348 0.04212591117451477 0.1261976380510159 0.5177954325415769 1.5486872002447196 0.0066270457492252095 0.1560108863334828 0.10518775304808446 79.81283562918128 
3.266375986215291E-8 4.965575893591908E-6 7.353551278817516E-5 0.002682007945915247 0.7302218977615809 4.517280985165405 0.039576665173279506 0.001968448777875909 0.0019584549757771423 15512.873594712562 
1.4631537536107612E-5 0.0025027586109049103 0.09722569853153308 0.40961697642670336 1.2407143732004683E-5 4.640947797494326 0.04824162658654744 0.00554089313270497 5.918675714419696E-4 131.57944833910636 
4.8334769773323615E-6 0.07732488563177842 0.0020611247215318977 0.5181579825635756 7.224909868467838E-5 7.9236977592445035 3.0144458062220216E-5 0.17642976692433152 0.04696073572376153 4.949107448566748 
6.2277255207281E-5 0.06304201280795904 0.012357590298565606 0.08608619583239671 0.008093990030826125 4.528640809224318 8.888551075977583E-4 0.003978723867023934 1.100052788609136 34.271191446467604 
2.1621726541021513E-5 0.001288380443151152 0.004754882650441116 0.006555174021461705 0.0016886693516708466 7.34235840090327 4.024763436533235E-5 3.372853611614833E-4 0.4892605546484964 14177.128887668774 
1.1980240750265713E-5 9.460721243870899E-4 1.357680476760113E-5 1.4770912986992881 0.006060901295416807 3.6583846016166075 0.18576262886315595 0.3662015028120336 0.001779429530449161 21.911149243005813 
0.004279052529199968 0.6825468994314376 0.01365813446635843 0.5255257462503643 0.07303263006662984 1.2909418017503402 0.005116742434505501 0.14477736223667498 1.5259910772721477 53.09942856559013 
1.158534669476389E-4 0.8044378891409998 0.004189899068715596 0.8197450118921387 0.006007830920053515 1.3781544317711818 0.005380079148124053 0.15082560387162366 0.6957454173947237 15409.21018550368 
0.005526413319570641 0.8180457858779674 0.01018073798226277 0.6803108538307084 0.07417742081584627 1.3797406720677656 3.728286263836728E-4 0.00238793347739588 1.1464402841097627 14859.072642223757 
5.5295266021685954E-5 3.193201927521378 0.0010870739302789477 0.02770568771470513 0.009442429725596528 0.0021734073559017478 2.5355139288521455E-5 9.393618656670302E-4 0.0029156896914687746 21.69022918404033 
2.0137902276179844E-5 0.03073396812576522 4.7139121815243845 0.050668090190777365 0.0029811937154384464 0.0013760754245382666 3.8284873494953555E-6 0.0016783922831398311 0.0013709834422874524 18.508244607991976 
3.497020543162321E-6 0.004879861981218271 8.389680418372579E-6 2.920404818868339 1.8135791820373114E-4 0.005629966277699498 5.574792636569397E-6 4.6222741123275995E-5 6.588489048759117E-5 19.449247964975985 
8.252848794027862E-8 2.701931850416551E-5 0.001304737091146639 0.0031650068167818645 2.821063721825086 0.0013536911247975954 5.367380526405984E-6 8.981927738952514E-5 6.624087975612167E-5 12.859183091444063 
1.0630943326742554E-6 3.7315714564812663E-4 1.5173065929969217E-5 0.001812695581828138 2.360627591657728E-6 11.595712974378863 7.101182221650826E-6 1.551403994061699E-4 5.123881097772335E-4 12.394621385741484 
5.0244047295750975E-6 0.08498539454490436 0.2279123790396634 0.2862515019689423 4.579044229841262E-4 4.606059555569863 0.24323274613746124 0.002239756575524689 0.00722679257511954 51.888133301170654 
1.3251408190670938E-8 1.8216638123520132E-6 3.942962260569682E-7 7.236483521950455E-6 7.472669762972402E-10 2.972622374327287E-6 1.5619681566591484E-9 0.9725218673038516 1.2959447889582788E-4 6.198876142678334 
1.7240991331136135E-8 3.1890674722629426E-6 1.9860230248645813E-9 5.46397775334261E-7 2.050077329669115E-9 1.1971478204811806E-5 5.2534590715027596E-8 6.873721477462482E-5 8.784325149803013 13.655999556065469 
2.0502946996261032E-5 0.029988066456962018 0.08379505061264074 1.2331609152529246 0.02618489413712765 1.3521330901461428 0.15575778428298911 0.12703208735082427 1.5328612357023201 115.0333261211127 
8.0809646148798E-6 0.0485183405036325 0.15690327413143507 1.5524646996285119 0.0636876214377988 1.586799938187159 0.2057822304538155 0.16084267563069435 0.047064260977180784 164.39943690261472 
1.989884890000131E-6 8.120507365566484E-4 0.002658325412720848 0.0020772410345667996 0.13348582824718938 3.977212991647557 0.001658807111835983 0.0038751656594098777 1.5387008101347335 26.071911790061097 
6.002325757820743E-5 0.13251397401924161 0.02729025107387354 0.11625441057975526 4.686620239502876E-4 3.8308246823003604 8.11251045617418E-4 0.07153916997001035 1.339023348312109 88.5157200015178 
1.8866935091322715E-5 1.3131409857510484E-4 5.533441701765638E-4 7.216668212080365E-4 0.11625141837602396 5.295095001554402 1.8495198401493273E-4 0.16350642394877415 0.007125931725709938 17.962121473188247 
8.88200744380555E-4 0.3416034703418598 0.022280040087196844 0.0016713298869776812 0.008106160862883982 6.953350409093078 0.2543083912936787 0.011162371998871698 0.07935107621402857 58.67225912350232 
0.0011934927402092687 0.2166962108256257 0.016323829279995983 0.2205191248433331 0.014031476863521575 5.111562134901234 3.480138459118508E-4 2.3288069519286566E-4 0.6670626419328209 39.65758530011933 
1.0513688181071856E-5 0.10644349328620155 0.006522693444618564 0.13128144714975634 0.0014819102099532537 5.873782680068919 0.00980399501814785 0.09284260315218226 0.005831811010505277 19.05149144664961 
2.639741078731417E-6 0.001969493302698406 5.10406259239323E-4 0.1506838106841888 0.5474686644912113 1.631642679749205 0.0039253100987140495 0.1246009715542647 1.4112461135775087 40.17911995355344 
4.389232180785198E-5 0.008418851975046344 2.1860858729185633E-4 0.005437316941109026 0.7495629514484383 2.1324184713710492 0.23986804914538018 0.001735172402464883 0.051594340620219836 13517.072167781764 
7.679633907800393E-7 1.1613165723807483E-4 0.0043656973786982195 0.002146819830003486 0.16966217225961644 4.933186863355982 3.622974952511998E-4 1.953363340556412E-4 0.5864874036457587 52.1011292766018 
9.314658994497456E-4 0.015273413137192944 7.012458569768049E-4 0.11683438149347627 0.3231973565209148 5.089840410580908 5.782205483158154E-4 0.08843838818549313 0.10815689047001657 73.86036843508633 
9.153273809076547E-6 0.0011169261384001824 8.220514852272303E-5 9.862852817384873E-4 0.2450875972543705 5.8836609609658765 1.2958980155693535E-4 0.003752693809798417 0.025297585974615452 63.879635969638876 
3.494587201300164E-4 0.004150357931620804 0.014066699730017812 0.09100942425338855 0.7513026562456755 0.04313378203534778 0.0018581525884947233 0.002315538831853606 1.4002255697082076 19.519667194828102 
2.734761117120142E-7 1.0893311547308412E-4 0.007031647074312115 0.004986455912600698 1.2162763432899975 0.09445180362569233 0.004837774102637759 0.14352703181326087 0.02023897411902942 43.93751431364281 
7.863131279721623E-7 0.003068055149655698 1.6852704165057614E-5 0.005137011800753868 0.6608119457056992 6.740551808658989 6.384765393791585E-6 0.0047850742686661165 6.930612014401216E-5 14.067853988996207 
6.147896327553939E-4 0.00407698027251601 0.25730027937386263 1.2624143110339041 0.004125622424843491 1.11619943352922 0.003765006298141125 0.05592734935387637 1.850227296408993 145.45020784495662 
1.1213079381867783E-6 0.0025603142317739587 0.007818181616036476 1.4327001919771754 0.0632890020739814 0.00720277173467176 3.0923491283814684E-5 0.18825674522163205 1.2888033907179104 26.221469752003536 
0.0017282360346931893 0.9542897169578334 0.07481743581801559 1.0809328071189124 0.08133159515217805 0.12065182468090391 8.655377063349464E-4 0.20175325579710493 0.005030263531817604 37.38504554348578 
0.0010381916945304773 0.11312385390442661 3.480570089470954E-4 2.2149985680986837 0.0017972088575754549 0.9340459642664642 0.22365907998959636 0.0051079868706383836 0.001962476185239453 32.678233578132506 
2.4711908952446453E-5 0.003477453531544315 0.20547483154197033 1.358720269797658 0.004213006131930638 3.2075342274467076 0.004615726282659533 9.695327871014799E-4 0.6482192335635878 152.71184511694324 
4.852607481778765E-6 0.007429478443732389 0.17695605920166552 1.2465500968764933 0.011712611253997638 2.6958760244163926 0.0023751081070417165 0.09954121751283276 0.0012533654947748693 230.40261621356606 
1.6241213273390326E-4 0.21406710223060063 0.007010068658698002 1.3598244462343432 0.17965814990548423 1.5518429663872302 4.8467762801410587E-4 0.006276343557361687 0.7701781304235756 17.0010690502339 
1.847637325798186E-4 0.17939235245809462 0.017315437883757705 1.4960877250787163 0.2045361755442718 2.528556635004864 5.251027938074849E-4 0.012671148100723902 0.02526664535761502 17.582322156839005 
2.862499625664399E-4 0.21936962510713082 0.020095416492936648 1.4810766405339773 8.430447040050268E-4 1.7372094888628633 4.8292362289081343E-4 0.005984968593471342 0.4429702699211852 31.17422537830334 
3.045162046195001E-5 0.28690970900652196 0.020092857872170466 2.1030749995121587 0.020780644775338565 0.6688789621583052 0.009312512191330873 0.10211463687488745 0.006369218877004701 18.643534120814483 
2.9076520501758855E-5 0.34668799866174094 0.04058975397834348 2.33430828009312 0.041044552814384974 0.7587209050158374 0.03180036766614426 0.01270544946467889 0.0066915620146662394 59.142329675005925 
1.693046113482119E-4 0.21484715300947108 0.01412270556160839 1.4287330676920456 0.07112049552450174 2.6771643429109777 1.0127230475862827E-6 0.006270439982638581 0.030638674948988587 37.88142121071948 
3.279318017332666E-5 0.003059270186986738 3.385991945093044E-4 2.2922379239944264 0.20084398243674448 0.028059455575885375 0.006165979714052142 4.4693115795324735E-4 0.02920080527344749 33.86138296614953 
2.895741503054629E-5 0.23360779046531446 0.7906420661793309 0.8218036441655021 0.016928910405721934 0.005892484071728381 0.0017643943055912965 0.15546697930747178 1.4200323939324202 152.29172601876604 
3.846818233854423E-4 0.2760340284547106 1.427336887866548 1.39013551959688 0.08026026920482879 0.1578935594664923 4.060513248055981E-4 0.44220878215775555 0.10073529022120126 47.80392744080801 
1.0773762169659513E-4 0.22217659370252565 0.85811658621409 0.879575842215316 0.04686496517644562 1.578736493015051 0.19535105421349225 0.006813722371365756 1.3963170219362762 25.864772844424472 
9.947656226844102E-4 0.00618616972257694 0.3286085482452185 0.2699427366278259 0.004983178187707178 4.927128202219895 0.010238001231741333 9.69255943887067E-4 0.12911972929363832 12.102354072411387 
3.9438612577945135E-6 0.06813042106415916 0.3133290331734534 1.4088188010418294 0.0023165936547064644 1.426594129553952 0.0014189755323295726 7.588698771325373E-5 0.8371814179874636 16.01023471887068 
1.0390998352531659E-5 0.013109949562899228 0.40930515252616656 1.7231608779862948 0.017561011893275198 0.9053422542184132 0.002296984212435913 0.09952981410193995 6.816588503866394E-4 1055.4566371621102 
2.1099113568064467E-5 0.015399138091758321 0.43890853942629976 2.012637629147936 0.09421575247995832 0.21393071163808758 0.04180465853450336 0.003995462310293199 0.014020214261201392 469.84375659522567 
6.180667514156642E-4 0.3243892397538098 0.7338378164975143 1.0890112095245534 0.24002323727582042 2.038279376203983 2.3896577818287965E-4 0.001899227948537616 0.0024314858928208747 22.461947093968128 
3.312690043780023E-6 0.074975585785504 0.33589563697712055 1.7749439576741413 0.002525988782872377 1.6301778071755828 0.0015623976519375637 8.566562402048783E-5 0.1402965914010754 21.701593318321418 
4.92611521753612E-6 0.07830150978537755 1.4237863951000715 1.096322196426197 0.00852225338922589 0.14115116096719685 9.964278765390389E-4 0.14822047255316698 0.4564141411726978 38.86338370848329 
6.066676319671063E-4 0.1765101913784438 0.9043878955754932 0.964633584501948 0.12565837865601326 1.060830278218797 0.0010978242020949379 0.0032405866613899447 0.08879588982395561 44.14074339713758 
5.388316156255719E-4 1.012675789384931 0.2536679034591751 1.0080668349788093 0.0037328991532204047 0.042004818603824635 1.9030002630048075E-4 4.3651763039857203E-4 1.3308528344675883 91.7906338210217 
0.00594140745080757 1.3744906545216313 0.027317062287839318 1.1547791177227158 0.02391983319120342 1.099902514385232 5.272118394270634E-4 0.07946349599679635 0.01988518242955847 76.65794756118684 
0.0016494096254291914 1.2224426456583277 0.04652348701170895 0.9249661322795903 0.07287599840700164 2.3284625505659373 3.318637808619916E-5 0.008395966794858312 0.07787958819200312 150.7360813199632 
6.173431982085741E-4 1.0718143056857163 0.04501254895836881 0.8193065875331825 0.2634335980003402 2.149088628561212 2.01793257176895E-4 0.008491862171440396 0.0890030353547785 146.8358638422554 
5.201327460470489E-4 1.9678862693383812 0.023440501002242545 2.2045345627699815 0.0299435202499615 0.14494139045677276 0.0010863516724885698 0.008021540811719668 0.07085714493660375 37.70254571792182 
4.8319874292194196E-4 6.4144169688844865 0.007578809101143563 1.2287859476414886 1.7744299370204024E-4 1.2518375666619594 0.004328010630147509 1.92841725336894E-4 1.8061070634013667 119.94356778662444 
0.002076046529790651 1.505784485258471 0.05710164908243761 0.046003317962381336 0.12625175619483808 2.440602929911205 1.5590843076203435E-5 1.1005760934642916E-4 0.02597799149313125 24.288905108047295 
0.042717651134293134 0.2199320063209165 0.51990170430332 0.8603113879577285 0.10316694004486368 0.8676581070885816 0.35833286898192934 0.003928480421982294 1.7188560491013167 31.180705917541687 
0.029370027687158757 0.21793603963201488 0.7570906123804565 0.7532580422029754 0.09386851852024158 1.1136500598993104 8.06877730823878E-4 0.16005679492391828 0.05067512380897835 39.15723830931888 
0.011871379490356899 1.13606301702091 0.0021101849461896446 2.0427881460592494 0.024128321621990804 0.1107768893057519 5.375580679122413E-6 0.027824754619355116 0.14484786783849374 12.698983670319896 
0.03411574869365415 0.201655690621069 0.017864245254953632 1.2452351049739177 0.07842220046053638 1.5365169368770453 2.4245667046443944E-4 0.0014216384832520979 0.6949176096286759 26.972763002405927 
0.04368288603262725 0.22748495281733863 0.9525694093308238 1.073232317120899 0.021622255681731775 1.8228848500569588 0.008767923675442298 5.112099662680576E-4 0.01086121886051326 54.72681578419511 
2.258167815567684E-5 0.010422671223027896 7.855406067906112E-4 0.008532803850934613 0.1571297093993586 4.911645440651989 0.0010156147990117842 0.45552005845584975 0.5823622658746245 15432.006418292398 
6.853569638584076E-4 0.24447806318911222 0.0022422124917428924 0.19471049225430498 0.0018471055586694782 4.251226145145229 0.21362159099732578 0.002672182037440473 1.240216818888945 15300.636565684577 
1.127904163249695E-4 0.009456148211131107 0.03008842499830006 0.04353990502136753 1.0474286130918842E-4 6.5400923194121034 0.0055765238488095685 0.0017946275103084839 1.1856192701293493 17870.523982866947 
2.9440051881984575E-5 0.0035898262613041692 3.258205149648532E-4 0.05160540052720332 1.371531578015296E-4 6.632077088051865 0.0010846472095990152 0.08083413417022338 0.0923507186288512 15764.227734841797 
0.0011699962415482215 0.6850856970612845 0.0505847307882849 0.9613469238055271 0.3724675826119985 1.2116175184744071 8.175495932416252E-4 0.16434826724410453 0.09174834919656474 14588.425483161012 
2.7059846204006823E-6 7.658035831137637E-5 8.133709038211645E-5 0.0015008953991138294 0.37030553660285087 5.174387258010984 1.2547498965553424E-4 0.015790050677227913 0.039674573042049875 15725.443761637125 
3.051748323826769E-7 9.847485364677259E-5 0.005015116933169633 0.01010461133057978 1.1731849125104516 0.16327667620605957 0.004360489588461087 0.006757047842518205 9.43485421462707E-6 16520.763219107066 
4.1719198804625974E-4 0.7721052567533261 0.0016080985628038557 1.0442503801801886 0.1294122308032548 0.01611237217587771 9.384384156153101E-4 7.724642613320217E-4 1.1203655778339934 14734.350231261018 
5.928948399298834E-6 0.0072328283711770676 7.386070594772618E-4 2.348353092933422 2.7762326026010994E-5 6.391409509680895 0.007864079033685255 3.650325279960091E-4 4.716918987863367E-4 15580.294118834498 
3.2142278139511026E-4 0.4866396812593878 0.026707791350007486 2.4894483562046608 4.248420852922065E-4 0.5722073141364391 0.01593628815903974 0.008961274173624672 0.024517938030915475 5864.25333540058 
4.986564956998346E-4 0.25938536000052265 0.7337348337299572 1.317252071648747 6.349293030925878E-4 4.252555417031568 0.0030401008931557256 5.161511591119837E-5 0.39361472264792496 14084.149731636244 
3.5722128074786573E-6 5.34566008989069E-4 0.02440477668214307 0.4497697456928839 3.4391369882467976E-4 6.021047704717645 0.010342907406022062 9.425886782117392E-4 0.4102243933535947 17202.79604240124 
0.005666655783481236 0.7401015928442866 0.06161356119243514 1.076108833647068 0.1358816898454613 1.8957320562195157 0.0011611205244434768 0.001425539154498926 0.03064455756798236 16814.285295246063 
0.10229224329670068 0.5152101631954195 0.010138197929579788 0.7360919057570331 0.17241106033956163 1.0896630830587366 5.119292946598348E-4 0.12236928610653877 1.6471387008561524 50.82621624042507 
0.0016042214530473302 0.010805699363042476 1.0463438415301713 0.8719305682480143 0.09388580701435012 1.7963701891083586 0.00516653534686314 0.07488658377337239 0.07636212447926735 76.07181012743085 
1.851687054720854E-4 0.20304905465075265 0.024417081669976047 1.9732711884413958 5.048277536783702E-4 1.0405016352257703 0.01607125681422691 0.008784317437848594 0.027007814301647434 69.48594404026883 
4.0008020649412733E-4 0.12853711426697348 0.28495256108166983 0.03199132106983942 0.6647186592965716 1.930258258043087 0.007453029561803553 0.019087502910013585 0.7493163732028679 45.898854942446484 
0.0012471764099025117 0.11610647451857785 0.012151980695067996 0.24110216108879023 0.0023051634406287577 5.755169907015549 2.9845829498659806E-4 0.02781712447214199 0.12271511673795918 28.202288367701946 
6.715080338266955E-4 0.6813421087854786 0.0603780446284686 0.9093118732199633 0.235940778360905 2.135378659149851 0.24335359883767776 0.013054490992335303 0.011062707912914235 50.663564551511165 
8.247424816985181E-4 0.1055332636231595 0.008805605970919768 0.11119525245615977 0.004744748404208488 4.391293028219793 9.73952314960314E-5 0.5274227298707196 1.167811216685135 91.76253965928424 
0.0010936867282298026 1.004186963398159 0.010353758540652121 0.9017852975542727 0.0029768596174869232 1.3754985020785648 8.45422203628413E-5 0.009523984506162845 0.6412751909698262 15569.972638739655 
0.03255655136425815 0.20534022958896517 0.8781966336723503 0.9411417247144847 0.12060115675504841 1.1671595691776326 0.001819735051911553 0.0033923251118118387 0.09105304859669573 50.77071769804111 
0.03346368741506356 0.15983935822337206 0.0031664133111046298 1.040659606680509 0.17183691003016688 1.0600414713409636 4.805102696738911E-4 0.12233504652782679 1.4925621822591233 49.776191435771786 
6.69124613204899E-4 0.8006654909239351 0.036667290925987556 0.9089536588958209 0.13702259657012106 2.151732271676203 0.012012407312538342 0.009932118174278342 0.02079375717852724 63.6222366882712 
1.7700376464947415E-5 0.006840536923431231 0.3376006321567505 1.4902968581833618 0.025790634292920826 1.6563942834490542 4.523778502289517E-4 0.005888496672353459 0.5075424228798868 4466.177291763917 
1.0947617008936485E-4 0.029021723949738103 1.1117888429539764 0.7091938515078953 0.09895120529012517 1.2169114351986559 0.0054767136997669495 0.16280623458659393 0.10407376166407885 80.02470022722929 
2.0151033762106827E-4 0.26904827060317377 1.0299301918675723 0.9161899912177485 0.0013112922661520567 1.3123825405246448 0.0047763931006102305 5.899223539085488E-5 1.2642817266363386 86.95614778873923 
0.0011720851061178565 0.2016042719698426 1.7211246002579144 1.0683821323744218 0.07848099058484224 1.8221005633300056 0.04720545482949191 0.005659295894881561 6.363919898396268E-4 17342.247666055137 
0.0024301029277826107 1.037935018089911 0.05592284433558908 1.3445923751770597 0.23828002060943107 1.9933189005356602 0.015826437508976738 0.007372715000415829 0.002699929980058962 4542.562579931234 
1.004373266923016E-5 0.001518535533686022 0.29463730111039477 1.878386134467879 0.14161872689718885 2.7257703010799164 0.0419623206868111 0.011487332933220724 0.0179730526314881 48.698540957993195 
4.939927263495441E-6 0.006234952620621445 0.19165776644681262 1.6995306277655828 0.00998150222123984 2.752317762364877 0.009630751920574332 0.09791484160809152 0.025696571512496533 233.72824131078073 
2.0929165406117175E-4 0.45732718794656413 0.017085096775011282 1.4118520314866687 0.052196389004040444 1.4408691671097698 1.08444036213454E-4 0.024520017081014766 0.6922466753962812 45.9468990522102 
3.1582666077455097E-4 0.26091026612136603 0.006662599911197513 1.985041145243546 5.89065273971407E-4 1.3385627947860823 0.012139105816821235 9.465128981933029E-4 0.38506641173587486 17323.0608383465 
4.2376256000509993E-7 4.2111773823699024E-5 0.004390111327312265 0.01530708358238938 0.6253979273393252 1.8400443869665675 0.012690913912584003 0.14787151318633304 0.05346678577461031 4804.033810053017 
6.510722606391229E-6 7.73647063221133E-4 6.465660241753071E-5 8.546369948295781E-4 0.10157151313460212 4.752234587663378 0.0012392107299170208 0.005855366179059615 1.0703108258977359 64.02043092809706 
1.686986209099591E-5 9.771906933435956E-4 0.004361571585680247 0.006022341755558024 0.001689195986390283 7.700135469069846 5.4037127554077035E-6 3.162960468547733E-5 0.46949901904653246 14094.596212567854 
0.00262496063550719 0.9837194528516037 0.010282905250443463 0.8342845508834666 0.1276132985597743 0.10699923377173017 0.0019789807838970536 0.13392877458459282 1.3198261726810414 26.452152934136773 
7.14812880837359E-5 0.7210443121059282 0.0036944896193732025 0.8232585124625096 2.9904360188292043E-4 1.3303122852532725 0.005395476332780377 0.13974084292702946 0.6326379539005133 16164.070148076695 
0.005160445678735041 0.7518833416123964 0.010187353923276925 0.7423710299734456 0.0689859317601501 1.1680007604930507 0.0063551064295014875 0.0024019963795183616 1.1845343016536867 15580.4938305154 
0.002452571055110711 0.9425196535888928 0.023332788825875132 1.373964146017651 9.687889456150758E-4 2.04930994051517 2.503837980609339E-4 0.07154815466367108 0.02943411585875614 85.99259825217156 
0.0013089279729969945 1.7850586584602108 0.1330754732446216 0.9718540546512376 0.029701730693041314 2.498720079007785 5.195747779110961E-4 0.0030712063287973864 0.03436510900494689 12.760310787510027 
7.683580217519613E-6 9.7820625427046E-4 8.028558510812933E-5 0.001108495471821074 0.1288549706857438 5.27859822452499 1.2733868022221507E-4 0.08117937349332494 0.023114719953085498 65.0853072553075 
2.699529266984151E-5 0.009098908793167186 4.1403661502810516E-4 0.04352235347340703 5.921851740795522E-5 10.060570037127505 7.391122527690247E-6 2.2714535212566396E-4 0.0014949492460432133 12.348601995824897 
1.4255256377092675E-4 0.056488626505400076 0.08309146161986318 0.010129115168628352 0.21526459484916827 5.785444626081127 0.007010187649255255 0.023750709401353542 0.6612975927568373 50.05927303318682 
0.0010094916176589367 0.3334445482946871 0.02027250739722962 2.0843101417929377 0.2799127756093419 1.8825263023766874 2.6377245822598803E-4 0.0066566177085235 0.026591222889987373 267.55429565878956 
5.4753432856086114E-8 3.264703006126637E-5 5.987152716737748E-8 4.6525642147204295E-7 9.293633829662058E-8 4.6373359271217795E-5 2.0707096413568154E-7 1.9756995069854137E-8 8.970467332667369 37.755546393843176 
9.091614745305426E-4 0.1045206939253931 0.00665030603871804 2.05211715717085 0.024141220605051517 1.4743951361166348 0.04967254867455289 0.04625579409776237 5.748398287677677E-4 137.1024536164033 
7.764851236907737E-5 0.0010347630242804962 0.00201248475105323 0.016742417369652828 0.941662958510587 0.056438769989494555 3.36890549923652E-5 0.0028356749507248515 0.10962445585676583 16605.15930825199 
4.278751577992661E-7 0.0033215985300940635 0.17536231964816085 1.12007990983002 0.003849317361067804 2.472192282298339 0.004648045430316503 0.06840667921223488 0.6848545682274363 144.5794519578425 
6.259281866703095E-5 0.7883772040146659 0.003855647706986092 0.822981661455063 0.0153310356759525 1.3386870705576346 0.005609382649633929 0.5699958809263577 0.7097199383859599 14378.594780076939 
0.022813982557594415 0.6697355061572444 1.4955282878856313 0.9885657121184103 0.02725467892876179 1.6593463533439394 0.04018007162648604 0.09509860021137288 1.893505645053812E-4 178.40131656939036 
1.3034743624499244E-11 6.693120768367114E-8 4.234548862027795E-9 1.060528004069186E-6 1.8799161172716597E-10 7.777007667265764E-5 2.7834959716213864E-10 0.9715798390117246 0.02591952616923879 4.054940044993693 
2.807968502674457E-5 0.28088399273611564 0.01654901073265886 2.0492675151080695 0.021786883347024926 1.0371363493002796 0.010045717368093572 0.09027162959569537 0.006168936970971374 18.663352691194923 
4.5272242284971306E-4 0.1548919800428436 0.032553472406930385 0.12308261620666629 0.4729445915913419 1.1304873460688982 0.0015688930443669418 0.3334291302483508 1.3184127951238422 16404.705930827033 
5.333182832352138E-4 0.07960785229871871 0.4393262539620881 1.7918911819578647 0.11900362014044708 0.7058934804178323 0.003685661389899499 1.6507007987851596E-4 0.06395907888533597 14.702905048785993 
4.064593935895889E-8 7.220462248679146E-4 4.1310977148511115E-6 0.002394276351253954 1.1664434838485715 0.0012675371431194583 6.432430305501028E-6 1.0480364027589934E-4 0.020727469826686887 15.992334225094332 
9.45771927064415E-5 0.9207013408263368 0.009351031035742198 0.9721495090715863 0.0029649496430698514 1.3999604024033376 0.009663183426597692 0.0011763680194537055 0.6683146725087683 15571.82030630579 
2.4480975338232417E-6 0.0020504210624028092 5.352635206474473E-4 0.19781245817123755 0.5477676967683418 1.6343083008564931 0.004068683493527083 0.12459337342471957 1.3987226272933309 52.186066475646754 
1.4930182435335669E-5 0.009607179179870909 0.052910880950822275 0.32608262319029535 3.1901689629686424E-4 5.617914939425988 5.049152015218936E-4 0.008663821115448068 0.08320667965479556 80.4023768314338 
6.875724539735606E-8 0.0016636545546062915 1.622877905475317E-5 0.0016198539479019315 0.20017875480562802 5.011325727621801 0.008973461758398598 0.0089605936999951 0.5361911771778204 15578.116478238184 
5.88711725816652E-5 0.006783836340599114 0.03378586107464884 0.025738963079173824 0.8548032043487296 1.757194810848366 0.05462343991073115 0.1534186945626724 0.0986852930258978 4806.303875037671 
2.3321631801275115E-5 0.003169593176717816 1.706819901680697E-6 2.222362832481013 0.025909858447493904 1.419031812159502 0.1315923219609251 0.07692102439564716 0.01275855791381952 17.01169714679145 
3.339506366866102E-4 0.4348604260892093 1.4063628124501464 1.5805190358450565 1.7810226807565791E-4 0.027387386468148454 0.0016524486918267779 0.1016324677045539 0.030352551010369273 16083.809335829535 
2.000875301075947E-5 0.36193851549314576 1.297747303408083 1.5163862613726504 0.0014287357200026467 0.007039116046977847 0.25255104460251443 2.3381371329140796E-4 0.591739407981673 69.74600599325998 
1.8334106915032353E-5 0.0019357329531548239 0.006066659897498863 0.548708025834523 9.954570223503851E-5 4.681992459310114 0.0058674551278559426 0.012825166547806306 1.3976117313612675 15809.797080357752 
7.601888418839054E-4 0.8989705883831031 0.11521720769013112 1.1705265209611682 0.2697461290249056 0.1279693027539339 0.027124457043196246 0.009924585559957897 0.022157895409597343 60.404383972013356 
0.03829350141043357 0.20586970389460948 0.5249984393789436 0.863864568364645 0.10279550771504987 0.869139277955911 0.36111251499566754 0.003923248082700827 1.8242025146489893 53.159874785102666 
3.5284885452371506E-6 0.004853509485901261 6.464003419104042E-6 2.6908451154157422 1.5884331352861134E-4 0.009310141669973541 5.436054131457254E-6 1.2570642573134572E-4 5.877021835391219E-5 15.293903106267058 
3.350876847053844E-4 0.1291562610948155 0.24618092480485415 0.0016417627329844016 0.007036443486863544 6.949491604044975 0.2514839218853263 0.028432549919088314 0.04571216073065673 37.6237452734032 
2.6620784462013655E-4 0.28073979665063 0.6033500451456894 0.7594523919562696 0.025560304827552956 2.4224935228132582 0.004967130386858031 0.021363677685564686 0.6962111473465985 33.617271769768614 
4.4972798782852503E-8 5.840072177981339E-6 3.927014301339681E-5 3.56661001209271E-4 0.00294506815700457 6.693231153264549 0.0010293707016252407 0.08047895488150338 0.08566987621898689 15761.121395260992 
0.0038210207823906983 0.7414269697750794 0.23188333386126675 0.8824410559130101 0.005421226584383682 1.5544513149256618 2.098854402072804E-5 0.15676203712115314 0.11568303869245292 81.53487791297209 
0.0015770465862248255 0.3002911968961408 0.017737390199329302 2.061868676705654 0.10826198173162971 0.01650121272301839 0.008303344047716318 0.023762825294532466 0.005460512106606178 39.55929120588627 
1.3806970781935404E-4 6.473298392578266E-4 7.551049558683187E-5 0.001014337422396356 0.16691795438943652 3.767793451094767 0.003576554173020263 0.04162425764559534 1.2265323483051127 887.9934979159362 
0.002046729539660077 0.72924303567728 0.014115039970744717 0.7942144033552369 0.0022210056641721386 0.0018871645922399565 9.347734455349921E-4 0.1966819542480817 1.6929804781670645 27.49881885453531 
1.1455875296299252E-4 0.235902210554301 0.018853405788553317 1.4146698033118217 0.003531538893243839 1.4884895715933173 0.3868017198163009 0.004636048297084139 0.9321433266472848 34.5886873374436 
1.333777574586197E-4 0.027460956377445438 0.9844856634074309 1.0218876957628646 0.07902523144713373 1.8327830725399137 2.3993246842540986E-4 9.496840245059454E-4 0.0023473920075123083 41.589904592757456 
0.00685937981248578 1.4428066459775835 0.04158338975330251 0.995861824470741 0.037610688363882865 2.0485182107115834 0.2272075699707846 0.008801703057117818 0.05475033778434202 14242.979325696939 
7.481958509814301E-5 0.006858389323031933 0.024081407053579647 1.5188944781960372 0.024351798908548813 1.120486070154743 0.005739084673854968 0.01282967274479379 1.3510960121437772 24.872055878735 
9.736788097053139E-5 0.11497856283903744 0.014733429507150555 1.0409444443430138 0.02241790376787264 5.410561681733418 9.077673624922626E-5 0.0015774274462080206 1.5408904139517112 308.9156583996932 
3.1049343200118104E-4 0.040409834563575546 0.1642585072348587 0.19426600363523308 4.7758851911476125E-4 5.53270471846992 1.9560452738587384E-4 0.1634642760812465 0.008039428784535441 23.774314595841428 
1.938258287714091E-5 0.029281494203753707 4.674213345921595 0.07325393956983274 0.0029598548145795926 0.005438628013455831 4.07354208039585E-6 0.0017828412470012713 0.0016678588494573215 29.09943316138851 
8.063691507529322E-4 0.005542774611379693 0.2517303787754847 0.23442812048518746 0.005077330737568818 5.595103730961623 0.010020722639510492 9.64675009104049E-4 0.13072767524070145 15.742355763890142 
2.9691596232687628E-6 9.540917760573126E-4 0.0023216013333134315 0.0020093786317354786 0.14311557042846315 3.9876420614878496 0.0016157193895854258 0.003776193996223097 1.4486887716924064 17.110311770217017 
0.00601330268171755 1.1667184366612615 0.0734747566803196 1.779983600659323 1.6456122283058493E-4 0.685254383689081 0.007571438049710098 0.004394202402657718 0.42065824374930844 90.53181222264793 
25.675190914802112 2367.7592406251315 6.8927903842361005 1827.6948851916486 2.798316391612379 93.53006713434642 1.0347238013643014 986.1361045929978 1.197278099289986 0.3422608263378768 
1.5874821427379908 19830.10305525072 4.535137463810536 6087.853828676934 8.778002421127896 4.26446890152865 7.080938943373995 14.456732653350885 1.4337872112586314 0.18909102538841757 
9.849087848969749 1183.8868236989392 5.424467918617381 674.2751014870579 9.393264970572485 22.03379768113326 3.2121021147762856 329.5767404233025 1.4450130119939972 0.29867955541943275 
0.00692170406374119 1.973181156064033 2.8961779460351416 35707.451431622096 1.0623923963445239 10.856114829411545 13.308850559258875 177.497120612281 1.370136163730699 0.3796443765328467 
0.008500866726301542 5.509818995631844 1.09393976169234 25277.29475162584 6.938031872090456 19.92193434240752 14.025653420298447 49.17147970006235 1.4807228580029643 0.521250363033487 
0.007453761111024868 160.21097807994724 15.633426325019691 296.7060275031973 21.43425523640024 3.1723876772647253 1.9594167153029138 1.2710006853375209 1.427821180253659 1.3302062210255012 
27.227288383284623 5456.117861774037 2.613213457675981 3351.5338011999534 1.6734403089049585 11.124738987000287 3.007138946729246 0.6808304985422277 1.6373228660749544 0.20881932874200249 
1.3344317174026734 22967.225309534468 3.5092052032423244 21232.5213287206 11.811537577275553 10.314096375569285 0.7054498601061202 1.6135843893384398 1.317947835890406 0.5433480289806274 
9.360708975362676E-6 0.2630735278923819 0.0017935881042241732 78.45368262277836 18.914451039121555 19.766170827444913 15.916798362540574 276.00123613788924 1.5031287003806082 0.2627719369846765 
0.28311929157049187 49.4823184534593 0.02102355473277178 3.059518940971306 13.3895932033238 104.22251416682586 2.5030599585654856 16.396893553432275 1.5175014424529594 0.5086968158720088 
0.5536652702368631 61.307741907052744 22.837552418562442 1028.973620980834 1.0243938328378421 47.994055315537175 11.98339436939203 475.00551187886504 1.125660560741584 0.39418788780421793 
0.8688446298195969 45.298054691815686 2.9809890231371616 49737.85649961609 3.5758003770118987 3.9298042148612193 1.9187307505239544 2.9424763504388727 6.577126273859618 0.21751158936681314 
0.02803750591943315 7.285524664075608 0.22328847118673503 2132.29461471998 30.32475047899296 2.873642341634319 2.790876223060267 2.5378628256059823 6.375650893187035 0.5127286605498268 
0.1913490126029981 4086.5794524606194 0.12053696801581494 158.0765684427872 7.790255270338179 16.039150016067037 15.36814909337942 713.7849022058459 1.5055909433784351 0.3452559087674965 
0.015587932258714575 0.7474769792954212 1.9719073106424738 1572.577318815995 24.623297837438987 17.81496634390099 3.0158674109358943 43.181507901799655 7.190041396222894 0.008077717759255837 
1.0004747206827835 139.6350739966104 0.8906831718904347 98.79419208941394 14.580735737567455 6.055363578651351 2.023733444805678 330.39074509787577 0.9752831491380897 0.08308026128566731 
0.037172293472267096 15.777081552235238 0.029395815978285028 2100.9499406425566 9.949430896228785 16.517318455547816 14.756034603220511 602.2087697494206 1.5067283606224136 0.3054163445703439 
0.013967776109150757 1.84440533694955 0.3177841271181135 24.54213340539274 9.952916575152608 62.449502829885816 13.647245963373546 127.66344866820741 1.3981042572035463 0.3524764474706145 
