0.01518549660201461 0.04709390012424592 0.18854414061094804 0.0496575156181255 0.725024098658479 3.1781110963535864 12.248260317005059 53.55226720715054 232.501603943717 4.800158522131476E-6 
0.0053441849632614976 0.018744326136271836 0.06431773470831265 0.26357890280412644 1.0746342198940646 4.266118094165404 12.354037789012992 51.841354202663055 211.2967617141974 9.199328441610322E-4 
0.04952907967371218 0.014735329343267687 0.01676541350790983 0.2088159158902755 0.8781166048995358 2.9429488116860645 12.549652125650097 52.72821433204548 221.278629838652 0.014838049334004571 
0.06250155564019921 0.06250156237943562 0.0883905491402253 0.1250031601868252 0.17678110329520352 0.25000628312705525 0.3535622944557641 0.5000123687584384 0.7071244817109883 0.0 
3.827021622207932E-18 3.827021621430881E-18 5.412225883440369E-18 7.654043254779895E-18 1.0824451764441179E-17 1.530808648963198E-17 2.1648903542708652E-17 3.06161729800238E-17 4.329780701769404E-17 1.0000000976893744 
0.05592683639815848 0.05592682178830492 0.07909249512524984 0.11185369581472834 0.15818491782121596 0.22370737669295881 0.31637009476804057 0.44741462811082355 0.6327397040607557 0.4465271735923628 
0.05744831268580861 0.19798939761888604 0.05764051684726139 0.05732916112337209 0.8329462170186295 3.2695945464183644 12.897445192219998 50.85724674567969 200.54311203331915 0.01978344818994542 
0.02026986005119429 0.053169059492466815 0.2138627079350272 0.05888585371577672 0.8589325041380593 3.3368008787363794 12.978294587188472 50.47529820474066 196.19369297748517 0.00296554063163459 
0.02664021106826412 0.026640066821094398 0.03767492501920691 0.053280676789652176 0.07534954250023079 0.10656093874402663 0.15070068710268358 0.21312128002821362 0.30139713778254135 0.9053321262179458 
0.03663348500363665 0.14977103270643938 0.050765455126111074 0.05463884560508025 0.7022842819271593 2.9635892266785904 12.507743393657405 52.78855104960812 222.7926551599878 0.0 
0.16103244931166819 0.043666889235770764 0.05081118967512411 0.05329401981956601 0.7347750243436671 3.050067906358268 12.621283734521722 52.32653004337969 217.23577719506181 0.0036032533213543284 
0.012970788847710458 0.05028756252319199 0.02297645271909835 0.22315303537263922 0.9158018073693817 3.751673043395555 12.496271358799465 51.9906760639624 213.2106790352908 2.519657755307476E-5 
0.01426214146111302 0.047220481680311586 0.1782559693701462 0.04892378704257226 0.8093075605180523 3.531829962526887 12.109495616078407 53.72688789722531 234.67392067848397 0.020965164582628214 
0.05101215348552832 0.014191768850894173 0.015243468923667798 0.20323004685013035 0.8242456570206717 3.350544973400428 12.64708109197717 51.850409786167965 211.58780431997167 0.3759371994124262 
0.07491700428238864 0.022445869573796344 0.023923800408172192 0.2927687284023875 1.0931191621914027 4.07805225565074 13.030970367943457 49.295370526047606 183.72891155277162 3.8363708421959385E-5 
0.020019313114220335 0.07086267523995383 0.021314137729966116 0.2760896205516756 1.0374450873366572 3.897171331222437 13.028605975571134 49.395748452759804 185.56192007786083 0.369496574363421 
0.016187422952192998 0.006300869570322531 0.06381815381743046 0.24036568560918906 0.9108287316268429 3.45128344541737 13.062609320768134 49.87500809123042 190.33204005966212 0.3805600889596984 
0.0053267344296586755 0.01930398971298696 0.06871632327675291 0.26608587215918894 1.019470864703625 3.867278433980516 12.87269510741501 50.275841442136866 193.92310750549143 7.767586770036108E-4 
0.050775672098865625 0.012859743697834908 0.21336796760069512 0.05803093904734514 0.9221715174968735 3.815618138457487 12.301313953122317 52.79395708342844 222.04745271143224 0.003852036692906838 
0.003629559540328372 0.009602951073381875 0.041197161627312434 0.16391215126991682 0.7167310456028202 3.1092100550503714 12.252878220580445 53.60044588091527 233.13380468488955 4.8766766652245745E-6 
0.04169647093375527 0.11201469815931255 0.06288158300493336 0.030931798987146673 0.6049520676056069 2.7097531560879915 12.137758609523221 54.368488779895024 243.53199526396594 0.0 
0.08180703218900713 0.02127017204973177 0.020473489860125597 0.36759219746621585 1.5953751526655293 5.5196959452202465 11.29427524519012 53.659057745839526 233.13103894728246 1.964253363300619E-4 
0.0037424605860310323 0.012680915947609579 0.052726670789698796 0.19420575713793906 0.8249441071046971 3.466370311889277 12.38691415035305 52.737616877081464 222.09742750692078 0.022209809185394138 
0.025918129733919958 0.07854414745363848 0.025622022109925615 0.30552137071643454 1.1255031189816365 4.14282739665361 13.094184368996405 48.87736808431782 179.71133789324608 3.7564937771019375E-5 
0.017954895845112333 0.05897344197838435 0.018773666144433893 0.25316625328520226 1.0015474590310618 4.090695436253551 12.41440516534414 51.83211438707609 211.33736473101607 0.002262157259845496 
0.1796834430171453 0.053362125316553564 0.054436821121152064 0.049863933590807825 0.7838405092139592 3.1649530433544433 12.767032191536089 51.561414735353104 208.31697817658892 0.06805664106781106 
0.014604655960004723 0.0037112018650971947 0.05872728133920487 0.23906916702244485 0.9744474534822825 3.969925454945023 12.43519692910473 51.95957286507263 212.77003117423106 7.642070480947774E-4 
0.01958079623727762 0.04332843279235472 0.19465015862019744 0.04987177385064118 0.845313209085928 3.4102859051277377 12.40084607629185 52.7482689667495 222.31533501806595 0.019726370567267906 
0.09242005976661306 0.02490468316082035 0.025696353699878945 0.3765272367153751 1.4743940073238277 3.429233868643732 12.814528386271538 50.92349271826079 201.0448158879919 0.017664913235268538 
0.06793431623541335 0.021897570342918216 0.021899687354684276 0.26796848119112643 0.99910367902093 3.740273028007289 13.100178146652596 49.27937127541203 184.43869854340605 0.4017163125856378 
0.06397454699442284 0.020413376599728052 0.019699232071870985 0.26509204666286573 1.0460166302219982 4.130897011794002 12.627212421733303 50.91888102308769 201.05872723706094 0.007828910253019582 
0.0587867745157897 0.018665632515948362 0.01771595933553345 0.23973253528078506 0.9314510734569356 3.60385412221076 12.888805092639343 50.470388678103184 196.43834267288605 0.01226111319285731 
0.024418940592801756 0.08887786849200217 0.023767337665549344 0.31000692736445523 1.3468298803614172 3.751692191573485 12.062847268224395 53.42879206828695 230.88974893087948 0.025005228032585817 
0.027199947072651734 0.07765096461369805 0.024305384039329702 0.30483790920007225 1.1612520200155894 4.513305003206009 12.598092547415016 50.38496790429246 195.54893567025061 0.003956406422815352 
0.01167739624810064 0.04887129361488546 0.013065256263729811 0.19608538753376226 0.8347383198661836 3.5967313164564203 12.163412048835623 53.44452491098281 230.8631713655684 0.014314930717069149 
0.004942144548601658 0.01760292720486638 0.0730926491207998 0.30852407429593703 1.3009227327123587 5.464401627634759 11.439749160947612 53.296207808006564 229.05730628561156 0.0022657866325021913 
0.07778629074526053 0.019293745116628392 0.02119134439144706 0.33628744306940156 1.4344847776338654 5.750293374795506 11.427803561737198 53.0838151561487 226.73321399728988 0.015596994877288667 
0.08546154730173294 0.022496095743507694 0.021696636024885623 0.3798535466935731 1.6268591265646803 5.575106894151806 11.367085579189219 53.30406444373572 228.54991592320047 0.004048417281164198 
0.11179032162647361 0.20054455812046135 0.05642340200786865 0.0568935225737208 1.010562458172399 2.8049554039661877 12.43096825793149 53.13331232923959 227.10611277405798 0.0037392100547115966 
0.058521677033476126 0.01804843829822298 0.24923927373409557 0.06165084270173069 1.099130561132926 4.340603939561262 11.958819397104742 53.18522511084242 227.76540412183195 9.131881774253977E-4 
0.01917769667456439 0.06702079060058905 0.24964468256593028 0.06325243591921681 1.0930875827506978 2.8384711698119016 12.51121896724752 52.77299073462866 222.59743752012358 0.0 
0.031389414036846745 0.1341145247299198 0.033275555287105955 0.046460991838325395 0.6371441871196246 2.7958310130194883 12.268199110756626 53.83371586699806 236.22601271289017 0.0 
0.01444056447674003 0.051381271451211914 0.19434551220864824 0.048098320581657784 0.866558866306719 2.817714999950545 12.382956973629955 53.344049392758365 229.79871541804164 0.0 
0.0027020455611717676 0.010066756523303147 0.04377899392892467 0.14470759271756123 0.6612995596161523 2.966769734124941 12.06166932464202 54.41238641974697 244.14559084457028 0.0 
0.04298481570548723 0.17141071773130087 0.05387362235470442 0.04740024620209881 0.7485089383397675 3.080101363502356 12.662871059375444 52.05931374283783 214.02509230863907 0.0064779263841695705 
0.05134420145050471 0.013400467737090346 0.2094999175227342 0.05873040079046881 0.880862118704048 3.540893742060935 12.58202658316649 51.903479173769746 212.1966932913668 0.003687618739268667 
0.06978085662947735 0.02294690826464712 0.02318524109961615 0.26796856892714055 1.00238186617041 3.7558157317103023 13.05681636365776 49.46071912791112 186.2232988646811 0.011651816807280016 
0.06621106205912457 0.2053779496805561 0.056368439966173765 0.057524270560626 0.9261498191320158 3.809266389409992 12.400121228599147 52.32359237361055 216.7471791962349 0.018875772389786005 
0.005993540317634778 0.020421112697771936 0.06712685465505194 0.2529677172356769 1.0815623353186954 4.582991224928536 11.947975940108204 52.91734074644555 224.3217387770543 0.0010244352397087186 
0.0060363162472297695 0.013843766210920368 0.06023626459745056 0.2195799439524266 0.9290971539284915 3.8862546646900933 12.28612081258707 52.606796776012246 220.56740470807176 0.0 
0.19218528464305126 0.04761150685525288 0.06747820048889533 0.05167955462356183 0.8738974632234234 3.605607744584074 12.390511444260362 52.54440282208285 219.80456899862583 0.0 
0.017982796319744913 0.0628536687537645 0.2512817841064555 0.06742305844518685 1.030564337842648 4.100882497443996 12.583727853043813 51.12660174079047 203.39033945383756 0.0013214532411333303 
0.02367321926128488 0.09442073649647754 0.024698578030448903 0.38780302653186477 1.6906576750034874 7.245528189987433 31.425485176446017 44.7424235354525 232.13750979782682 0.01740297442640747 
0.0033631424606844337 0.013214358462018507 0.05591286184306952 0.22679424501923795 0.9617902436964175 4.0692854011715 12.155088651875747 52.85946187317638 223.67078574978729 0.0 
0.022524118918089007 0.07734794674856142 0.02299248238053042 0.2796562220795145 1.1172147151037766 4.409801539972518 12.52222993215241 50.96321559064401 201.5350633179062 0.0024281198743092564 
0.01905700009716795 0.00513861462082629 0.07199886334940127 0.2826129424739195 1.1074159687546465 4.337397917917918 12.60060784383935 50.67172209848525 198.54938144489455 0.0011862428237382292 
0.16101849800515353 0.1332486346354252 0.06038161259972593 0.05611744339655635 0.8752437561632264 3.1357101761941406 12.772142667299347 51.55774822357679 208.27934178002602 1.0663309392393348E-4 
0.057333384065189195 0.20444951749823154 0.06532258885876453 0.054886985612384795 0.9277913988528078 2.9550348410492213 12.568808881543367 52.506555477030666 219.3069826349232 0.0 
0.07521595672479364 0.01912409770643461 0.019653763517891554 0.32296722725132776 1.3375820452252039 3.184978553355301 12.477697106513883 52.52678153455797 219.57764348422455 0.0203311656582137 
0.021598273318796907 0.07886959513018325 0.02467219494056934 0.329440562065715 1.3158302441961927 5.030713092394966 12.185197265281479 51.26834692340069 205.02460276775085 0.0012347587033762033 
0.01840308983819397 0.06611184535954553 0.02211954476028235 0.2638094901806856 1.0053715505528233 3.830649662545491 12.959532106624195 49.832793897688056 189.87822235066088 0.3739143884956387 
0.022654531277042644 0.07737415359611086 0.024231338063839883 0.30400268088376414 1.1411507959921936 4.209707642846112 12.928715008359742 49.56647506043714 186.52847253878153 0.0017985471326855864 
0.015264368011107067 0.05425771560495042 0.22016208778147076 0.06473903431966062 0.9259195929416492 3.5931802382459797 12.63727030795142 51.59087661348717 208.654325337226 0.018561869994045393 
0.00929980722495615 0.012568259372583913 0.06292850238965647 0.25037966326267863 1.05930313724722 3.7536491766987266 12.27183049391927 52.77124841321064 222.5734219977454 0.0823657416669336 
0.061240579522180136 0.016715853439873953 0.2270350711364482 0.059851216838252404 0.9672090475497169 3.966000583124069 12.416605754237256 51.98562230146337 213.16489142080732 2.6133897303407814E-5 
0.0023303925861028717 0.00996867457453383 0.04425246495131652 0.17927067769855182 0.798175311595284 3.522742404343484 11.98684038211721 54.12248211895502 240.13276828352693 5.563737270579385E-4 
0.0055416393295888025 0.018437458443829345 0.07487450534255474 0.282066800287245 1.1497909707636986 4.64617016736425 12.23532268502355 51.71946714361829 210.09583754823348 1.5396903774942796E-4 
0.07882492710362331 0.022063972266414395 0.02371621306766948 0.27640330408988123 1.1356428601835247 2.9908808812573615 12.706485988702187 51.85127973433611 211.5760254244379 0.0012684403264468776 
0.026136267222355278 0.059482643980132074 0.019038731861317087 0.20929251563154938 0.8546499107836237 3.4124449945066426 12.668012411900692 51.66418684667865 209.46294606157096 7.113980087674348E-4 
0.01695167749141845 0.054649145399045494 0.016761123846566344 0.2049082043971265 0.8602011948600856 3.5491009108243676 12.460364910225977 52.343553060127746 217.38621831796726 4.622663900143014E-6 
0.05605766105012974 0.01714127440417185 0.24136699126130134 0.058936284831398025 1.0758613587817967 4.292027850906686 11.893070269273508 53.49004410540184 231.68969648750766 8.249560897916305E-5 
0.06249541228839634 0.016809081471165048 0.2451508419851784 0.06464034419090711 1.0263475293306745 3.075056191025131 12.757237665543743 51.63729598868587 208.94328457635515 2.2169346204438317E-5 
0.01743398660513191 0.004561566366930741 0.06511977877783295 0.2591816996651016 1.0293912314801297 4.086491468620599 12.576885384567422 51.209395694211956 204.29349782807446 1.2209353934869934E-5 
0.19559110428918874 0.055301781727497036 0.050771584787388545 0.051135564609585314 0.8842084713992555 2.9134510801907387 12.514339890685608 52.81595459293318 222.81127981931706 0.0010436564703760474 
0.015553586664893843 0.004292544857252494 0.06484653860446649 0.2685067193652388 1.1037658669466688 2.926064933937208 12.621769262994547 52.28035836404394 216.6105838982284 1.2092303948492074E-4 
0.05047832606662759 0.20556268687760554 0.06360700407299968 0.05556014170386804 0.9139078311226196 3.8375151822401454 12.324818506631905 52.62077251843347 220.7932066282055 0.01831762087244492 
0.0633800716199755 0.1952515315948002 0.05544207423112955 0.055357412823193924 0.8749182011215194 3.584881347248767 12.52907081587501 52.03710602428037 213.705857728314 0.01862099784771279 
0.0030202878223392175 0.012083470526470968 0.05205814235839979 0.21479525678480244 0.9275385554377265 3.9961466906664724 12.047928992721243 53.350090751478184 229.87662573619053 0.0 
0.0854425077550944 0.023562645623404727 0.026526978147772034 0.3660262057154563 1.492188743969779 5.8581702896651455 11.629625857588817 51.92933434738392 211.90953740434279 1.7921565993916084E-4 
0.00440059971723282 0.018046761669262865 0.07633467447738758 0.2883818702675486 1.229271633067422 2.805093956159152 12.651393962806218 52.838243107584454 223.8668936968521 0.0 
0.02221532672268471 0.0754066959306147 0.021515047084526444 0.3198148953450136 1.3161386824187586 5.288290637496927 11.845341211620328 52.43299899562589 216.94807224044177 2.6022269671001772E-5 
0.1326091422912126 0.030782142919858823 0.04470228304515677 0.033345925197801 0.6337736224075177 2.761827316682835 12.218101626173874 54.04056442859788 239.01564012683878 6.805600724188209E-5 
0.14917301668911975 0.03582956478603069 0.03770263982587474 0.03799475051671431 0.6799231994075979 2.8851777718447984 12.421054330728332 53.44438899264876 229.3509613523692 2.4167103001082216E-5 
0.012851512374763362 0.04784305375904438 0.012130201907525907 0.20840885351220534 0.8879721496032001 3.7771634651005437 12.209516421424492 53.02977574690578 225.7955345025754 0.02437557276635956 
0.005176717437602075 0.019340124413804956 0.07125202836461406 0.2627125425108025 1.0490642279129512 3.6004311042392225 12.69064427897795 51.29781361432728 205.35645750383912 0.019067548962935107 
0.15998591569422385 0.04464480894079771 0.08032927150459104 0.05009349413736267 0.7787749042011399 3.197638626793374 12.477053120965161 52.67812573513285 221.39206592593644 0.022102073509822337 
0.051636010646763146 0.1941978717142231 0.06716997875630622 0.05640199407490773 0.8534489079699934 3.4279607528195277 12.728649509205054 51.43164814223435 206.64632058397876 0.0018806018785129687 
0.02325731728426179 0.051112899271729885 0.22195301321201438 0.06474461063568603 0.9525156785517912 3.7872839413873427 12.398211672457567 52.31591204799429 217.01436536431632 0.00947651557872676 
0.019682936277228384 0.005364947446433231 0.07427417555043844 0.31372770023754726 1.1390266191978367 3.0984672354617038 12.475940109006025 52.65515337935525 221.15334055708442 2.3283582804035634E-4 
0.16738802289338067 0.05041023119314987 0.04241985711715599 0.0502858923256339 0.7662898700317377 3.211166309796685 12.395221312419856 52.99588013542631 225.22125604586608 5.57479843778854E-5 
0.011754348266905742 0.0035653059881493483 0.05113790775631627 0.17310786397991132 0.7712162478477239 3.3449827750382535 12.138030525553651 53.77603957392505 235.45591641912304 1.4097107125927626E-5 
0.004366629301290395 0.015931836665717757 0.057050432413935544 0.22305878895111556 0.8677208053189553 3.3453454957764492 12.970564677735627 50.46110466971297 196.33750610822506 0.007764389110838957 
0.15816392946725225 0.04536028910146369 0.041844995001538175 0.041548505406954844 0.7097051509792974 2.983712403248044 12.531582623923779 52.69816197641616 221.69816181692843 0.42164147352727477 
0.025712540509183774 0.051666812084733595 0.23203930404189496 0.057957439539945255 1.0149667259988409 4.269436401965146 12.057742584285982 52.94719082928919 224.76354680458743 0.0 
0.18786322672804143 0.05089341817993451 0.057682922121807735 0.04965828762092894 0.8918036586086258 2.726405579252818 12.27506903847071 53.807290196525585 235.8566466217656 3.2631311041879835E-4 
0.09721572595600123 0.026529090738587977 0.02419241115906081 0.39099084395163586 1.202859455449914 4.780611167233162 11.735373693493198 53.41165528834205 230.1484670266984 0.0014436909875757747 
0.005525643652974387 0.017985010072525936 0.07146322265753588 0.252855514321797 1.0234946260729614 3.1247922177442797 12.815870414605323 51.36737905849636 206.1072540660142 2.9601560803248304E-4 
0.022598812569322183 0.09428698817655921 0.02489453930917191 0.3977359426042478 1.7166679027101326 5.829141480781759 11.190100175871398 53.31779228315368 229.4688358657056 7.554701589858838E-4 
0.04116017605638379 0.16084269589263223 0.051755593618380905 0.048571934067625555 0.7669219789327543 3.346562956272748 12.175373733439553 53.68367755309911 234.26785051198593 6.269657670229289E-5 
0.012419254475497946 0.003894761943302803 0.04639874561445998 0.19140989137187708 0.795266275701249 3.287913536571639 12.513785780596548 52.43105959599859 218.42549576133354 0.027837687485109064 
0.018465286568544344 0.0694769783494906 0.023255971772057255 0.29674180265014155 1.2334770931148225 5.134098288958166 11.861232829861967 52.47255361569012 218.15007750627584 0.002453160200896247 
0.07539200704221292 0.02237426454785765 0.02280553399216932 0.29944751400050545 1.2983909994460243 2.6510878275319545 12.41594991445252 53.30025901523207 229.2588892653199 8.419255199475093E-4 
0.09772642603172821 0.02429811521114621 0.02594740044358661 0.4155579910669852 1.7704594337016848 7.449162192098952 31.09567777103379 44.24526458147431 226.68345613305664 0.0036756515134272086 
0.01055356094522385 0.004256475493461726 0.046361039252109125 0.18409103349738482 0.7870707721593531 3.3787361900107418 12.261863569476699 53.30521737299375 229.22590928887695 0.022894691771754846 
0.01645412203302227 0.004020012072224571 0.06077818369879197 0.2527422537641741 1.073926217067218 2.8104015836343446 12.47316662543751 53.012874717322774 225.17383015294857 0.015088449067985907 
0.004500834385926291 0.017120734735239035 0.07076551356636995 0.294014835608077 1.2241090913084558 4.844902413266449 11.954405482541173 52.45290814784572 218.6602318048687 0.0013580387742907932 
0.018055311836687172 0.06255455492734188 0.01681519148665049 0.21873355794862026 0.9484929636737919 3.886356912542237 12.07259491050102 53.3845342238239 230.31777958099192 0.024934485048592216 
0.06599022635478692 0.0245369008792622 0.026169854474630133 0.2516009291742323 1.0669547872411975 2.856467451815845 12.513420607886532 52.76395922895648 222.4527189087757 0.0013309605449406308 
0.004291979604128557 0.01810018916263665 0.07719876027626443 0.31795309943513883 1.381932656961069 5.887662426496692 11.151347468049568 53.511592626664445 231.95276884316678 0.0011756074921878924 
0.019310237370403893 0.06200080901453117 0.01865045995222102 0.24420679565019912 0.967580787096828 3.8151620713994667 12.729759467967035 50.889443948408505 200.8796466442964 0.005247750241225294 
0.05823860016394565 0.2014108673243813 0.058361611951076746 0.056727611709501885 0.9216079184654261 3.5879374686710928 12.316521774299577 52.83204018172127 223.32999352416715 0.021960921443892233 
0.011652922421135817 0.04352059382152805 0.18618250144851817 0.05198006318049349 0.8229763543277295 3.358075785390056 12.330189523291432 53.07718991039378 226.41878659616393 0.020076198274257214 
0.019027592797390285 0.00549197194208623 0.07277589647198256 0.2808437672435887 1.0721224654306252 4.109510613076011 12.792374740571216 50.23172156238416 193.66393373205142 0.01694669617411156 
0.04775206333010796 0.014295993816470308 0.1886121240930521 0.05312376299167392 0.8113464254876079 3.317956836398245 12.550219626397805 52.251505709021714 216.29032948176288 0.01894576817169085 
0.012790372696954632 0.04856007927166009 0.02178645673955408 0.2200316287603575 0.9132022497228294 3.7493276832611957 12.378057438572236 52.46971267241528 218.80992335167772 6.692634835319403E-5 
0.004821857016659114 0.01617102252386694 0.059344631549465246 0.2080116875486392 0.8192830601902037 3.2489212707123656 12.871701417772401 50.9954918331359 202.03501716598723 7.171391714806075E-4 
0.003080460353769972 0.012556054623207483 0.05321599581195899 0.20691796045959326 0.8798118876485358 3.726960107342271 12.279834850440006 52.88505082648098 224.0373778694238 5.204352877552387E-4 
0.06414437217027064 0.016656788938909536 0.016900945635153503 0.27701315328823717 1.165307435288984 2.7925588240918424 12.467719094277767 52.95616328077807 224.87447706864089 0.013600048190562037 
0.023293050700313785 0.08756188611944282 0.023892050086224748 0.35740196105265715 1.4770999294806761 6.084750645563949 11.43066082657684 52.13344283841472 214.8754849326885 0.0010923138947301224 
0.014020354879696873 0.05044017818547473 0.20918038480989504 0.054931736163893435 0.8862865630427411 3.507883467726691 12.525183335800461 52.126171919901275 214.81083102375544 0.007738708355418929 
0.058053054942981665 0.197145752798253 0.05284444425407014 0.05384180908278494 0.8952681550948126 3.739388745461186 12.309031662968724 52.76518478912576 222.07663231403623 0.019496583939118965 
0.02012811406462311 0.0684270235269772 0.019966107056168275 0.251763572557714 1.0264275955308921 4.135098905326329 12.471363703858664 51.56170789858928 208.11229507531667 0.002503932176636251 
0.06692205158356511 0.01787967127184662 0.020807788755493318 0.2791071705061987 1.1280107223886515 4.486080325722278 12.318118006058812 51.67515065987227 209.25035747355568 0.007420127503179316 
0.04383672707926113 0.16629989186673486 0.042814442006142185 0.04858008189566713 0.7356418150365511 3.0418181730906273 12.567438731791919 52.4826818676736 219.0612471149095 1.0783209875337355E-4 
0.012403451347596985 0.04978614672754566 0.18272818099446964 0.0594371103063798 0.8657743987415017 3.86703219532113 11.825057006129935 54.29515088867462 242.51300868810227 5.627906455805574E-5 
0.02360234572675469 0.10158964795738874 0.024510754031148767 0.3638048776475972 1.6376415514966771 5.706688629394255 11.02553786981447 54.106235614689886 239.8434769546786 7.883360441662314E-4 
0.19014966960961036 0.05524139831525223 0.05834030700883789 0.053675310944476855 0.8166206419006519 3.245709535748128 12.85857463585723 51.08390073864133 202.99027415457888 0.0032717646770824963 
0.19545493563014335 0.060842769914015084 0.06500494592632095 0.05601630355287634 0.8493419588989252 3.2593090855141558 12.874258783775518 51.00038542031991 202.08718461361437 0.06610691625103758 
0.046152073570358644 0.14694893883718238 0.05180458442047427 0.03928344406229833 0.69328866945814 2.9159907190566092 12.44311048932621 53.08081564911406 226.44422812184897 0.007658256298249036 
0.01598653624773819 0.06407331911164817 0.26509637960579385 0.06798300230275404 1.1311457666814895 4.037729411624799 12.307623721518025 52.263628140927686 216.43170593280192 9.659413794115678E-7 
0.013064550455508018 0.053457615642772204 0.2250800429905522 0.06545159525515738 0.9856135639930538 4.093520913621569 12.17557828610424 52.746828388131014 222.26845380036207 0.0010969071470152824 
0.015126983312371322 0.05810968579002521 0.01717944673008609 0.22177670462130522 0.8852282417378273 3.514287910848258 12.783040978589675 51.05648695942812 202.69841790037265 0.0016195195279745272 
0.014215952581818734 0.003936876365837286 0.05879779011450834 0.24677435449701907 1.033757855962732 4.32947413896795 12.1362661669549 52.63834762725752 220.52809363873973 0.01937878062243447 
0.002577465853724848 0.010837777677062472 0.0473229318710831 0.18893519356380292 0.827495109543652 3.5927658832765874 12.087396683085503 53.689854681980414 234.311932264547 0.09298401454131099 
0.01924217726445859 0.07182720908762556 0.021682569793383434 0.306075290073038 1.2524415309814756 2.92705727610954 12.692890483945193 51.92335118088699 212.43902609252683 0.021346039171524434 
0.01531481338954168 0.031535609428558924 0.1500503764761926 0.04014042202903124 0.6799485447693415 2.988754426400866 12.209769866482231 53.8849418527511 236.8093543385972 0.0030425963064214918 
0.060461596706114444 0.017511164531173535 0.021157170808575692 0.23734281421123563 0.9440277635824512 3.7159651964676583 12.741838229696835 50.974205707039786 201.80232894173938 0.0013626708241245783 
0.022179089635686072 0.006148658794315451 0.06567152735202067 0.2510132698296805 0.9395905970220852 3.517067008494586 13.16505335562687 49.27930842315344 184.46186073574384 0.0 
0.17670959299007655 0.047909445225619976 0.0491294914026278 0.05606050331699655 0.779963457227066 3.123007519960919 12.717006455583018 51.8666230584487 211.3450596939053 0.018211127563870888 
0.006722479393850109 0.02944579189155863 0.1322969384956396 0.03098053232060249 0.6096902238138638 2.73927622524601 12.10838537923874 54.446361339481996 244.62196922798213 9.897827754769227E-8 
0.15307996594171913 0.042406378607630815 0.03876679697138437 0.042831471019285756 0.7108217122541538 3.0612935088053557 12.312147653842986 53.44709062374976 231.04577904269675 6.586980149996109E-5 
0.012990882398334416 0.055484417322570305 0.2433842594042364 0.07079218685545663 0.8201324489641496 3.674354768180393 12.024414699638827 53.8244191682349 236.10307203935793 0.0 
0.1957944588534154 0.05511775120765711 0.04991367253397122 0.05358706304842081 0.8894738897797102 2.8629772761983845 12.44824457050882 53.22476097255024 227.13096362388143 0.013969730408476615 
0.05045485998660684 0.19278238935429512 0.06850719130180347 0.05249095967468972 0.8747194581332094 3.6282758778612942 12.441343556850061 52.32489920621635 217.16375793321387 4.495389214154473E-6 
0.024386499742573 0.07802863803193312 0.025979992270623056 0.2994841685789726 1.088047047619877 3.9273206241207097 13.227393275625234 48.34245535722826 175.6338652575692 2.7211149048506807E-5 
0.08859080540377584 0.024196105683564836 0.02603882160960661 0.31584015051570413 1.259763890814349 4.910325333881731 12.438697977802148 51.1897638472151 201.21508978241062 6.582348147334555E-4 
0.07505563669166944 0.02206925716293491 0.01964094670380805 0.29515987234179175 1.2417845687894822 3.9366920843558475 12.259040779684545 52.532889053312495 219.6578256761283 0.013526519586170892 
0.15735479305381136 0.03973881413397917 0.04869439906061105 0.04896848797285318 0.7181648373553309 2.981300223749315 12.49582349403291 52.82026093080622 223.16656797333243 0.004045964046782151 
0.039480753117343476 0.15810633059534449 0.11864563246053153 0.050335721233385707 0.8320296861130237 3.434294362012043 12.537646978572026 52.17151227674896 215.34367518389496 0.0 
0.0688777151137242 0.021808306737215403 0.018596353829369094 0.255343143693369 1.061678246306022 2.977404503125639 12.648982578310525 52.11838956261225 214.71732346245722 5.175232516248063E-4 
0.04434983906241291 0.013675523129479809 0.013215370904773377 0.1824082937101695 0.7681144239898601 3.215196273358129 12.411993889033965 52.90042944545594 224.17527766971315 0.019432995136681078 
0.014371347658904137 0.004553957689414941 0.06016107911219421 0.22728198643213085 0.9392113352791238 3.8469446530778275 12.430247454221725 52.08907976818679 214.37353174619682 5.167283215687099E-4 
0.004315854795438843 0.01667082328434416 0.058962811704032926 0.22868114830460706 0.9183513523002924 3.6980903396726466 12.63126541655578 51.47992278324243 207.3239098149085 8.110067529463793E-4 
0.06011643639592389 0.01683202201026311 0.0203933489468847 0.2422979557380865 0.9856169606371198 3.9927487824257692 12.491917721132296 51.64372855771556 209.23319522705285 2.567162747599322E-5 
0.015170864355392156 0.05735099315313761 0.19219956679206493 0.054729789291433656 0.8491479733198154 3.561655957556872 12.38684446583032 52.621101538785325 220.70429747026893 2.534963809602743E-7 
0.01912110892497723 0.07207968725724546 0.02056463139293005 0.3132320516132617 1.3263250842673089 5.512853875234717 11.502621846777567 53.00106258688299 225.32804540401523 0.0022105603347727233 
0.019240586255626774 0.0051362254570260744 0.07466217499798775 0.30253611980156025 1.2422081787355772 2.929435936817338 12.660169917826634 52.057808912163075 213.98062569404593 0.012949197448870782 
0.04413976751488072 0.013638939596238802 0.1675251773229506 0.041844186905766384 0.7359865558328036 2.8993150296320445 12.43440408944214 53.1182320415765 226.89922698671612 0.005080179877654345 
0.012445193819948092 0.05122962840146293 0.21677433415734004 0.05534074770230417 0.9311620520840956 3.949766122329937 12.217953806848632 52.91689987672093 224.23082372647062 0.018591887013111794 
0.06587401664726071 0.022695275024224238 0.021385543212159224 0.28351336891532736 1.1447774109965922 4.62087064802802 12.286273801741874 51.53980307932365 208.05783309432982 0.4087665329154046 
0.01594045600713168 0.05180484520848165 0.19040673664806432 0.06572770175019833 0.8573039823094204 3.645804105307889 12.27271468325373 52.98860971309415 225.27338415284422 5.227085901030092E-5 
0.07455970570266898 0.02393112261722175 0.023517015532248404 0.30021396232023584 1.2057448030361244 3.0690856538208218 12.799049846092885 51.36079604876069 206.04869365467678 0.0010520751829793532 
0.01831570762044016 0.05347488125142966 0.015094477831876651 0.1879696282936588 0.8150663839879194 3.4205225166354745 12.315308201564843 53.0553093783051 226.05126774807525 0.008849196605676976 
0.05294254700925148 0.01448548035456902 0.1751189429357743 0.04699939024115259 0.7662466632727019 2.9309534058692837 12.49067683358272 52.88617266019647 223.93992707496193 0.021553228153235106 
0.1651416657109274 0.03954341418453238 0.05748532670573875 0.04303775460052468 0.7698290957536066 3.259348488937042 12.321461611515552 53.333798117534954 228.71838580682333 0.006569266347739157 
0.002564238111510294 0.010785812969523509 0.042344152351404235 0.18418212968323358 0.635503810283712 2.817919889760187 12.303080942065284 53.70707814311034 234.45992812244268 0.002913742010923545 
0.20541580612514668 0.07191709626392376 0.05815547932585437 0.05498187397198955 0.9502506119303068 4.007781047375163 12.199382804407733 52.77454127171265 222.61599029058237 0.023833774591356036 
0.01639544253584381 0.056311834954191314 0.22552225997085554 0.06549798601522595 0.9343058825620361 3.725743482744956 12.688049774448862 51.189131027278954 204.14892748106533 0.019277250148598095 
0.01941028541278491 0.0054514994337918335 0.05867700281745808 0.23008208633243063 0.8837059383039865 3.394163352054298 13.036400867168984 50.07058586813871 192.31255579846948 2.791815491713973E-4 
0.0026119320722499924 0.01103905418708446 0.04626817400160227 0.18599064049302466 0.8185946855671513 3.5718495212241157 12.05763321825538 53.81944159500577 236.03497024307518 5.472230746165455E-4 
0.05792603130639679 0.17653887448637323 0.050724775840940234 0.050876664358356694 0.7811963948611969 3.154656364968524 12.750760628837314 51.628671005972926 209.00581195813118 0.018228207767163364 
0.02231070299134318 0.07091660155635897 0.02312291940000086 0.2786652346278343 1.036065016908047 3.8162288495669117 13.12264397716754 49.07632825655089 182.46541819102407 0.02002258759110485 
0.015446976774039315 0.046813293360672296 0.20032609214397148 0.05379723887265585 0.8809351763609058 3.7066019731395294 12.195502757065386 53.23061814332368 227.91307766410296 6.024768438311477E-4 
0.1603105161313429 0.044967709543694875 0.04239393123165665 0.04561652350620179 0.7357493570777658 3.123722617505177 12.400006870701727 53.058007968852884 226.07272278938223 2.0488806651878348E-5 
0.013934594131576963 0.05604523154585231 0.2319004158164865 0.06066365519353979 0.9758776829309791 4.04774840209866 12.34511427488251 52.29711461465394 216.6949224590246 5.440072997391063E-4 
0.05245614857275144 0.018496902387609156 0.015030910322634865 0.2332282977870023 0.9727639962366266 4.057272060018402 12.263852004763615 52.463049716425104 218.81957648512002 0.023207059173639348 
0.0499811025141204 0.20683625920294002 0.05426381281433902 0.05301186550980049 0.9297053701969564 3.962758595359551 12.139583609115165 53.05688139004498 226.1363920027313 0.024103985302589608 
0.06570034326435234 0.2084013956247882 0.05756785740823357 0.056530949346635724 0.8614334539311048 3.6770364562029894 12.225099498944326 53.15713435205216 226.95963135277583 2.544782228495833E-4 
0.08073925266944776 0.026817113539021255 0.023659878662320156 0.300935435682119 1.221479150461034 2.9979888247029183 12.75378253900062 51.64620652257071 209.06707691736668 0.0025149377154837517 
0.008385718932247824 0.0024350426446960007 0.03515349089145057 0.14417431951397924 0.6379433860608749 2.776453181004277 12.242094254079705 53.94371845336576 237.69545196084488 0.0010570589373980629 
0.05737066531276794 0.015410860760478477 0.20138107516918052 0.053875149673709266 0.874820496643838 3.6970352601216243 12.303924620946951 52.8270603995465 223.2370542854381 0.003715957378425774 
0.021977203810869463 0.07508297632589112 0.02238202754967018 0.2939376607264905 1.1036966347640185 4.072936546086927 12.966388837385649 49.57775924796889 186.6190344205464 0.001799379623191981 
0.005524915433014307 0.019629210483411697 0.07105480485858065 0.2806632694394689 1.1492462031106736 4.719637793547883 12.122993768474668 52.04052332501595 213.7408716244374 8.350518759608061E-4 
0.19392709902733743 0.05544334203993599 0.05813927743778105 0.05399784526356173 0.8332166755142787 3.3494855464430535 12.749291770581474 51.40316129197479 206.52348839885335 0.011031992481980602 
0.041746335094446384 0.010897614756421474 0.16852695121199984 0.04294726001623745 0.7258074624123791 3.014883345865914 12.581941345972446 52.491332772849226 218.91694668546248 2.2877878305064516E-5 
0.1428858526741138 0.11469664284442506 0.049578826094785915 0.04557819752632702 0.8172728208428396 2.8161344871413228 12.366608827933089 53.45287108060866 231.22795207313496 1.3866194595299437E-4 
0.021190599997631475 0.0794679534562565 0.025048689079853702 0.30400150869104064 1.1685802779193877 3.6688756593346152 12.867611187672857 50.388987939089034 195.5885119399223 2.9382033324953645E-4 
0.05172569359467012 0.01589059969204597 0.22139094600669218 0.05443400843606775 0.9810651611635138 4.211050103859684 11.97730637904537 53.324073204665844 229.54179148924132 7.710414993445676E-5 
0.02912061009506152 0.05658227805295072 0.015515469859318409 0.245637062397821 1.055848412792499 3.88720234909165 12.13317841320892 53.13041512027703 227.06206122758795 0.013021372003584726 
0.011617438190442256 0.004308925796026222 0.04541632080479384 0.19766198781977698 0.8578851009712025 3.7173389061319995 12.093949265591368 53.56931381621035 232.67603085779152 0.0028253335645864216 
0.025748365787017648 0.083070704173378 0.024288102144307922 0.33402017236273446 1.2148400092069336 4.537161707922712 12.669449672446362 50.037816967305915 191.82422039559341 0.0021672021291457223 
0.05283702338118029 0.18422869778271342 0.06726893984882283 0.05356386413020604 0.8011082840703942 3.2073423652871367 12.818622312856167 51.27531039890687 205.08913653610045 0.0035656085516744215 
0.005927139047086398 0.011993696204897932 0.05563290981738654 0.22295730900754412 0.9669382035025819 4.1868150853720705 11.944152230070188 53.476984928072575 231.52004914091034 0.0 
0.0074075395991152265 0.023600341902875133 0.06126267719537541 0.25500523304315376 1.0165533660808708 4.022769249345289 12.592176924580086 51.18598224919229 204.10317378766584 0.07251741441224012 
0.055167816410332984 0.018014322504077897 0.017763717096762017 0.21815521681666 0.8574237692755816 3.294101134474022 12.936164554121113 50.78015598701601 199.11210775477616 0.013410490417091407 
0.044654707126302436 0.010999971188390379 0.18320260185259526 0.056800781482988776 0.8165941451773199 3.272748728182383 12.34999120583718 53.09284495859131 226.61358185598138 0.01987335760190199 
0.019059952853055565 0.0766507608843118 0.028960753409106692 0.3191138479216783 1.346991570743161 3.149890041679187 12.41650530363263 52.900210202965816 223.87620335391745 0.02061017850781968 
0.016117602511426396 0.05941543043804221 0.22639345461138838 0.06364379312360322 0.896132720139409 3.422865291844025 13.07396387031583 49.89947267710655 190.60574060775957 2.8976220369890545E-4 
0.014449192100084877 0.004054818925680511 0.058052962463955415 0.18785259280484742 0.8265592008957621 2.8313579920940253 12.392974729177316 53.3561241657717 229.99655309312362 0.021849553968823956 
0.00302998705590438 0.010385710912252115 0.04138429793391828 0.15436177930759415 0.6622265941250197 2.8599982445433034 12.358222520305883 53.448464164610144 231.148968374171 0.0027332617184448378 
0.19563459267554942 0.053636201405458314 0.060790931844494314 0.05251576986108597 0.9176677275775131 2.7828332748227576 12.360408561615138 53.444115987731784 231.07713793667713 0.0019290734510154235 
0.017492899369149356 0.06543906630675912 0.019838321895063314 0.24471618481770274 0.9529239706426795 3.6315948661254587 12.937785528588401 50.41223783310575 194.85787695010046 0.0022863944358613585 
0.05450852792360393 0.01381842672237367 0.1917606452264422 0.056575643625698994 0.8238951357993811 3.326972339711736 12.62692031704472 51.93238143578801 212.5462435991905 0.001309630761567842 
0.022174187429855424 0.07467581307410666 0.0234018376303584 0.29725798729235425 1.1241355436562877 4.1185400613705685 12.828558463930388 50.032388327055244 191.88509315827147 5.3745796843801136E-5 
0.01957981454821022 0.03953624706133893 0.17993083133740678 0.044441397865156614 0.7974217811302573 3.3999183791180863 12.248341360432779 53.316809851690635 229.4482371688409 0.02201188313920623 
0.011199417500019872 0.037964342844599715 0.1638397269951958 0.04072050822581076 0.7069873164304582 3.013148070805534 12.450208569928261 53.10808546268673 225.81104877211558 0.0 
0.017211844017711635 0.06591106897790777 0.017799327616438206 0.2816474427079766 1.1958404614126341 5.054872130266275 11.762476989646522 52.977362626309606 224.30734944424094 0.002541326816361981 
0.02446834652083978 0.06255126936498219 0.02031527472334178 0.25592026535902557 1.0028649222154185 3.864102009450074 12.773133604499822 50.621039665621616 198.02270127625687 6.822506891833382E-4 
0.0735872470240878 0.024004977284981924 0.020986005016846557 0.3094210016121199 1.2882731562915317 5.226747290209459 11.750426373123798 52.602412288453905 220.35819526315586 2.641139211020866E-5 
0.004619733037541042 0.016177346483957668 0.062152975268914334 0.24721931696307511 0.9752948462424885 3.900008023280238 12.631290329370751 51.25508676282593 204.8274489404765 0.013916496192103674 
0.0015907688640058885 0.006933495347805809 0.03100538690752895 0.13570269995648554 0.6075049385696675 2.7166565669576763 12.148416307809024 54.32560765423371 242.93468154401768 3.6939881488069184E-4 
0.019908951700155643 0.0741541725122281 0.019474232791365297 0.274390944885577 1.1502444715768738 2.8634738638739266 12.569380380840245 52.54286168360358 219.55914280391318 0.02207374418837203 
0.014744867427764121 0.05412325026813417 0.013956158831624219 0.23519279376499327 0.98622870777053 4.132093440515842 12.198700731214528 52.61116867423875 220.61315786933343 0.023911649728056646 
0.023545120988001662 0.08504834557281521 0.02634102974074726 0.326865773275583 1.301009402742392 3.082683915357582 12.87341234410454 50.98163587744747 201.8859234206693 0.020614768436321807 
0.005579391788429901 0.01880507335530603 0.07125298332390428 0.26111777810016046 1.054728683540598 4.23104028210559 12.478376792368913 51.387539831868665 206.16920640764812 0.02210799780339108 
0.003685486168762298 0.013453517974821994 0.0496807172420623 0.19892069516718128 0.7996516488177638 3.183144783974734 12.797305815842156 51.413915938465 206.63608467391813 0.008153575072055101 
0.005036094790388055 0.017379436868013957 0.06285389501050359 0.23996593408266084 0.9170276321016613 3.477938831651952 13.084283817147794 50.03834955891634 190.7498897947296 0.06673794976859361 
0.024855057846391866 0.06792157972191154 0.01892756010443307 0.28789556706013486 1.152775275673953 3.83527635903999 12.61736399306998 51.3208268903603 205.6208202938409 0.007967375244856913 
0.015018535684454454 0.05648777128442703 0.20183892062047248 0.05211981679375428 0.8710536791769499 3.6214083989057073 12.43235687317966 52.36874215710015 217.6878512047916 4.456952460354232E-6 
0.0672103953052696 0.017104403622103557 0.21774308821665314 0.06062564161979065 0.9608899589734059 3.9117275602973853 12.28559331903705 52.58273855168445 220.15689200412683 0.0035537971809551897 
0.042366937964220905 0.14674110731758555 0.04035623501409348 0.03841848506769283 0.6819511187257046 2.939070376962666 12.357057938772643 53.38263115738849 230.28864091933065 0.020188516728246685 
0.005193242823393216 0.019310932389118782 0.07267833488897778 0.3064113165550783 1.2762204750259476 3.45778876901302 12.38042066631266 52.60336436732277 220.51786210943547 0.024123269525483024 
0.02294653486034067 0.06475687836575127 0.01960565786549938 0.2864041631583343 1.1095194235324406 4.151720199794791 12.238684045057289 52.427643783962004 218.17875189435605 0.0018466267214151027 
0.04991230532947381 0.014370672828946052 0.2029053635221746 0.05244067037486069 0.8968507695256845 3.7860560669398664 12.177511594543535 53.16509616412125 227.29605041329825 0.019849924581574568 
0.008258579878710887 0.0347190857960029 0.15032727409053712 0.03667968202532014 0.668873228752027 2.8611325010323028 12.349793541607859 53.47715730444518 231.52191610162657 0.0 
0.028401177118213182 0.057388880535941725 0.1997566947231026 0.05574577252276622 0.8213484803491136 3.2440516768793373 12.87454144186106 51.05475065534849 202.71113821311613 0.0036191390543586373 
0.04638585665897247 0.013224351551779437 0.16459181052334526 0.04643506391630323 0.727105074635529 3.057353420515591 12.500862827907852 52.790596626606366 222.3888692567572 0.01953582440269256 
0.039001707642974864 0.015202959452259126 0.1741461861974092 0.045168188706343905 0.7341792837069472 3.15295847342412 12.352824551262678 53.19094839794195 227.83997608492965 0.14740105457984123 
0.17067522564012774 0.050360613181230494 0.09028537922647187 0.04935077290553715 0.8441628062938921 3.4133246602015923 12.378528666053835 52.84059739374318 223.4623115561906 1.9797260468737172E-4 
0.01690326880476157 0.06564724805828089 0.019942446430553318 0.27192959749263085 1.1280807660908032 3.7948587177695 12.377127291910947 52.295558555884035 216.81563006758265 0.01756677563695027 
0.08811186073571664 0.02302177293022524 0.024281324222656976 0.35762507611019106 1.5264984386293787 5.068815968784436 11.666489110213094 53.04045482208771 225.7985371067567 1.3909977253469662E-4 
0.01509763465020725 0.04810708990684796 0.01286664870674 0.19785286562268015 0.8117172009370894 3.3001270781794196 12.636949717204509 51.92596560089826 212.47291445123767 4.522381362005653E-6 
0.013661608935530376 0.04810218775755968 0.19490018103389042 0.05510944460225947 0.812394817546226 3.2609306723818188 12.762950020227278 51.44744852609484 207.01818288978617 0.0 
0.023459674204641873 0.07910688928095301 0.02384137762570941 0.3183590820360594 1.2189581257844917 3.810115605977362 12.885625032585464 50.31178236929096 193.82037872241088 7.330970183823506E-4 
0.00425675483643913 0.01144720642000749 0.038896835453349814 0.1687910148343654 0.7235299605307011 3.099195736453754 12.363964406806602 53.20144821831982 227.96959133552826 5.567999063317468E-4 
0.04963019449478777 0.019242727310092748 0.01451056242567919 0.19295348782949337 0.8016097324474809 3.313354797080125 12.568591884567816 52.22231824963498 215.73293254727025 0.022893220967337702 
0.1705488769325323 0.04144646116378604 0.04456641059108352 0.047953296295176265 0.679718274456257 2.9275558796475627 12.429694164993704 53.13387754429406 227.0277970699467 0.08696451355885641 
0.015060241032092306 0.005374637153295432 0.058018029527403696 0.23641660762669148 0.9996824899752116 4.256154408844106 12.044238680288593 53.02275463858639 225.70586226473057 0.023319786197396802 
0.011794027641851161 0.04666612384964732 0.020436769361047224 0.2094077742143563 0.8767044584138185 3.6639279571714893 12.383443925962744 52.54578116554395 219.80614078842078 1.41529078254048E-5 
0.051666481598698834 0.018528323345034396 0.014747419973464277 0.20370807991958 0.8207755726829068 3.2754108573284157 12.786347172536015 51.33136144814692 205.72231993304865 3.9228894583101764E-4 
0.056740398070282055 0.017482352604751 0.21120987691447637 0.05813417918327931 0.8601901852865398 3.4264246624732264 12.796518917870896 51.134545836514626 203.47144867977548 0.020059954408523515 
0.004420929230785717 0.016765048356551668 0.06228176002434612 0.2602094316124099 1.118817959071032 3.7370223612396054 12.138545233797126 53.26220743988683 228.7486810482322 0.0219033711990463 
0.026035376181183383 0.07533391402006269 0.020947366899390613 0.33924230009224776 1.4369900865626395 5.987102052448669 11.277840017049053 52.89771998000901 224.10167937652778 0.0010374438140804793 
0.016739141210030072 0.06849152711699813 0.018656220302622546 0.26086440881071593 1.1188380968649234 2.712887194650095 12.371169648285951 53.407658880201275 230.5314625963799 0.024925904191196033 
0.004439443200661248 0.018010136411302294 0.07376326680980634 0.29323190980897335 1.0801156150153834 4.497843421125583 12.067432568017127 52.58151547165368 220.24563638274424 0.002364386660437877 
0.016760400037750627 0.054922458040536457 0.014725161607888662 0.23364889241505582 0.9504325085467796 3.8621678595469353 12.516798582429638 51.75667949436122 210.54564619553943 4.05346043802182E-4 
0.060773444335064764 0.021132659099235358 0.018216568863288637 0.2579119686951458 1.0296260604102365 4.037338438421934 12.5479065566556 51.356249054586456 205.92525258172336 0.022686289584167307 
0.011009187420488911 0.021849103952808552 0.05217105175881528 0.21790905607472472 0.8969071250938716 3.5846696509982876 12.544206071666087 51.99999302940584 213.36289467263592 1.682028746377774E-6 
0.050592353402141715 0.01678031282980339 0.01752876614013557 0.21314739986978848 0.8567691696470796 3.68145248879458 12.203973540191305 53.17862978535474 227.58597825367207 0.443774566246452 
0.018720028474009914 0.06496733490511959 0.017371607095560227 0.22799309976512475 0.994197575794275 2.7589054041765992 12.335650272480734 53.52929087084499 232.20157885166455 0.0015291364161089628 
0.08992009798723744 0.02405070441287828 0.025002634129046502 0.3819417642937445 1.5879542669257989 5.188687271314945 11.790184328586314 52.36758384740173 217.54813747295424 3.1256587557237007E-6 
0.00483880243699574 0.016708927752145483 0.06575585942525954 0.2534240929675209 0.9948582884765939 3.7463260325617553 12.79937989506992 50.691030451611525 198.78579576847287 0.008544247530804017 
0.053719961727157865 0.016029655893200295 0.184391846294102 0.057090579649240275 0.7854971399948613 3.167462209793758 12.776292282120727 51.537110179395285 207.8088220357407 1.8782735800366337E-8 
0.008498927902590988 0.03172757273719179 0.1354588446945505 0.045827786805330735 0.6299140805654782 2.7767294807009035 12.240043879100764 53.95329023088801 237.83151823550932 1.8891196870756648E-5 
0.04219925824743204 0.15749958382116233 0.04641104381289697 0.042030553507394854 0.7310059662968693 3.1501268730023253 12.305291903252556 53.37018482322548 230.13731382448822 0.003083489667396915 
0.020802967603756443 0.07656781576714083 0.02156894313410385 0.3154034718543911 1.2853654371412764 5.22776312632655 11.971157347082965 51.76822749394937 210.6512835301282 0.002242164670319338 
0.01305841033010848 0.004764628468796235 0.048311252792121666 0.18253397018434117 0.753641947360537 3.0930603049018606 12.684584534996285 52.019262295317525 213.6002402898114 0.0156928568648391 
0.1825069418425784 0.057658900501612244 0.04990957314124237 0.049598088725244224 0.8131188027937245 3.3220078668811213 12.555585335193943 52.22554265317874 215.98248242156248 0.022056282683940973 
0.06218913009549582 0.02079483505566919 0.0186674803148217 0.2598436160686409 1.0664494772397493 4.393786896663166 12.222057680973963 52.14871597989106 215.0724487779054 0.02226366036351847 
0.004679364387318104 0.01603976748887825 0.05890638041260565 0.22057397188854358 0.9337993471102084 3.956312525447652 12.166883463653145 52.962558209128254 224.95263647947928 0.0249532600318589 
0.01593234061672784 0.05297120070721198 0.01580162976293787 0.18204516780279145 0.7591566035288737 3.0142827017304565 12.584145373515245 52.43213255975715 218.44867298405126 0.00255832369449929 
0.04863725734303319 0.18671316602670915 0.05582333700617315 0.05241085700375828 0.8234191410295623 3.3730339448800537 12.604873613966143 51.97399114315266 213.03101339620963 0.0019491557011248935 
0.014943663251089612 0.05363541137913546 0.1830394670482176 0.05625608694446151 0.7875718341743284 3.108989329663406 12.714221557141546 51.86341605895588 211.66014563734075 0.069103846415796 
0.0384743752042022 0.03847437237053503 0.05441096895818567 0.07694878793700825 0.10882193510489925 0.15389750225119367 0.21764393817309965 0.3077949157655664 0.43528777854659756 0.7881398747542523 
0.058611317266835626 0.18312614493425786 0.05598838563920683 0.05505075499494451 0.8434653947414421 3.5191114614649255 12.420679450440918 52.54466141690798 219.7469220248778 2.96934575634197E-5 
0.006051263903959458 0.017681811053688597 0.07666893505271076 0.3286198819267736 1.4084531539033998 5.9357358989015765 11.212577168061651 53.21614115777727 228.10386533928957 0.0010552507776370775 
0.1834021448133361 0.05336576968672925 0.05070249537930121 0.055070467615897296 0.8121255218786296 3.318313012539618 12.642799639975136 51.885584980243 212.00626088501815 1.334482289590582E-5 
0.043623642342332035 0.011719494737267048 0.17443988050979048 0.04501999384389887 0.7433963974105948 3.0658484253632503 12.647700109118144 52.17699246192457 215.17319144930298 1.6211006877836795E-5 
0.02766206337970262 0.07119244773508716 0.02335916064164717 0.28679314245898685 1.040442305406922 3.933733835378232 12.857432058564298 50.16887602185279 193.26425500307502 7.904235507119756E-6 
0.06673978638615592 0.017609222229461832 0.17193183854621233 0.05024941462668092 0.760529188535887 3.10763175998276 12.698223608765932 51.88674053811157 212.0158552433068 3.0648993018649127E-4 
0.20139866744503993 0.05706312834928887 0.051767158596496464 0.05557860642083861 0.9090201572746978 3.831540883314106 12.238674488417846 53.01921272635998 224.5616423611664 0.013817776264156364 
0.009204092844904884 0.038522357158760664 0.1657677552370828 0.041141217822876754 0.7304120504081472 3.143869912028462 12.33143076241801 53.31302339705083 229.42160449157333 2.0578718353928812E-6 
0.053337893305603894 0.016274077781654673 0.015952902865296575 0.224995294671502 0.9231006581509168 3.054148803908875 12.681297888151217 51.981115699937 213.0234637439555 0.023082548107474433 
0.014113560043153233 0.054672810564611866 0.21062646994398515 0.07166694695437192 0.9770871937612154 4.272422707943563 11.83763916164397 53.74161240621685 234.99006694325146 0.0 
0.011843772377149224 0.00363178045460094 0.03873494180879647 0.16697665414748733 0.7054399684091999 2.9802066995582743 12.494737999469226 52.82368215983388 223.2281123209853 3.312222349951464E-4 
