30520.190545186528 49931.649495907026 8.350758724417225E-4 5.994221741666748E-11 3.974536438374702E-6 0.0012475061226188266 3.0515494947723733E-87 1.1396054362968557E-27 9.641111299188633E-214 0.030989137161907244 2.206524947458654E-12 7.617024186780456E-20 2.1283444259780888E-97 1.9373415943464685E-261 3.6011830986985508E-71 
28656.828861807982 0.1981812567590945 7820.003332505676 8266.059348818371 3821.6693161488633 3.705251957760688E-7 1.2883019310239906E-53 2.173306289967772E-33 1.348727677878393E-100 7.350542818163848E-17 7.159689988362375E-102 1.6396997735794473E-33 7.002051728218803E-99 3.7395833489870316E-282 6.258534157742785E-80 
60075.83993790809 9822.84087424546 11941.081798857133 7224.3275829135155 4.855223197035726E-20 2.059071438180128E-5 1.4597941450642314E-48 8.655425580086876E-27 2.5147923740718648E-116 1.1340191975488533E-15 1.4103056758891018E-92 2.710729605925782E-21 9.523718838299633E-83 1.9062414537821735E-184 6.468726127822584E-96 
29844.955116573805 919.6687555441313 0.11430058159126914 12091.256950757917 41.04186550887252 1.0168435007987768E-7 1.4123399457596132E-55 3.80028959000701E-33 3.901379630316158E-161 7.194524284690589E-6 8.504149022405706E-91 3.243867272448737E-32 5.68544060818948E-59 3.4533128321343707E-196 8.779817726279357E-57 
7187.527937078078 38043.862197348746 7598.548638354479 8312.841268153736 4.214618299228951 4.399619329529132E-8 2.707516849796201E-50 1.2824599548802941E-24 7.685726274053532E-159 1.5950685403668125E-5 1.1198588586065033E-15 1.6869444993737832E-33 1.5508259497275608E-58 9.201212227813743E-198 3.510901606913019E-70 
2712.9595110507457 36091.733758979484 13497.172653672858 5193.853909482857 2.5312054001876674E-21 13.377997511881118 1.0400353176660375E-71 1.595432575016303E-18 3.173693116788961E-227 1.1029170155046277E-13 1.067187085411305E-45 3.2060938108403E-14 2.303785421583693E-174 1.0971281865092814E-197 5.790343982136201E-70 
35796.00391982029 0.4012897248897243 23313.058864730217 4.49372115353729E-5 18.55716251608475 0.11583979769017011 9.90880937005417E-47 2.3959892252151416E-33 5.3856702105099676E-104 6.114376665826889E-13 1.4776860053316464E-83 2.2476575000561307E-21 6.606148520604271E-97 0.0 1.0672793054896106E-100 
27306.12018328544 9995.18447434927 0.26972484445713263 11870.155726733608 1.6800639435857869E-19 0.2187866440818612 9.088590567153575E-57 8.322497709356194E-27 7.639481939473023E-270 2.0007888070849887E-5 1.1836527866525226E-20 1.9675882492797692E-34 7.008657415694074E-59 9.136038447646028E-127 1.924325181723119E-68 
56815.136796206454 4120.0011515528295 14551.301953898641 2323.468654095641 1.0068873068710587 1524.5238970586104 1.9510237940167537E-128 7.005153063053214E-23 7.937241099940258E-192 3.0388135619138486E-45 1.384057228429884E-12 1.1324769868138674E-14 3.5003921989459233E-153 1.175837478774562E-239 8.223463176168162E-77 
741.7314037135598 29841.584891334147 12868.797167645997 0.88292633931964 505.9772129857452 1988.2453223596626 8.303255507650328E-51 6.984290390476423E-23 4.739160048464708E-250 1.6559579441499093E-45 8.628191538969158E-13 1.223192944414689E-14 7.495530257846787E-153 3.849785932646276E-148 2.775483532396346E-83 
27267.661854091166 34191.95989612409 7417.101706544903 7225.021779530219 2.0098962314962078E-20 3.932140189706704E-4 2.9905419487227847E-117 6.32507147182745E-30 5.061697153122444E-249 0.004713327975256127 2.1604045117248552E-18 2.1979440324387506E-25 2.165331556773572E-95 7.666484502737587E-198 1.9530842936722514E-68 
57346.1991284829 21955.672236317958 3.2619466457919337 8489.808237393621 6.094211741241529E-4 4.9549491445686683E-17 2.6281814886024665E-53 6.7376600731582E-30 1.2124766339704341E-152 5.005529884083273E-14 1.2128006260836733E-91 7.020818948774563E-34 3.653114705363781E-80 4.361672208678928E-70 1.4171037216678724E-69 
50355.343184947844 26107.979358641634 536.4716432858663 7.963604095896971E-8 3533.650342830674 1121.9022282770736 8.193773292802858E-88 1.177558873772838E-30 7.525304960289612E-173 2.3255399797109837E-5 2.496325513922723E-55 7.162222044746962E-33 3.542378937801924E-133 5.2792009836939295E-197 2.883484731289219E-70 
11221.800734970619 29525.15343721182 7009.940079272804 8.150724491626131E-8 3913.5630607583753 1.7651752230236477 1.0067966801445934E-43 9.858460048647986E-12 1.915363824573675E-93 1.8167566291062637E-17 1.5141399284229434E-82 8.94396916231745E-49 1.4429934368847285E-105 7.403663753440167E-150 1.5346923551867015E-81 
46822.14955620364 26162.72742063384 95.25476642468922 6962.001457217041 0.6203845380073805 1091.1526085251778 5.063459691865593E-49 5.55161942691305E-15 3.254265131289033E-173 4.4954680605329274E-5 2.2642766657748577E-11 1.1643585984162391E-21 2.609487908452723E-172 7.810884317636993E-123 1.4742155921206417E-131 
29907.751972644633 28915.170062381196 6332.153436112498 0.0454625910184122 4071.895834369674 3.922239255172843E-6 7.734679641778029E-57 3.8660806568753676E-27 3.916940538831552E-249 5.106473148016618E-6 1.2492045588257418E-194 1.6735309291015754E-6 5.235674608787418E-79 4.150295631968622E-147 8.991143730134511E-74 
23638.74035120412 0.534822720584395 15247.446922664074 3.306926408478623E-8 4478.790894019003 3.72393491903126E-4 1.488231532902374E-48 2.9127908797617915E-30 2.275958349217327E-192 1.516208451731203E-17 9.747610234453578E-16 1.6997558594217482E-20 6.341741885889852E-104 3.115565223141516E-307 1.1607797401935658E-69 
191.2443809947624 103.13238352514371 66.10698253489643 12231.986364706447 2.5392863836814882E-21 0.001321771894591162 3.1588299962395142E-49 3.24752928439249E-28 5.22489591404365E-152 5.495876787374603E-29 4.2340556454742476E-26 1.5204570285775175E-33 1.4957269990157918E-60 8.734620349973128E-127 7.692753957229974E-71 
26374.981917650737 18970.622075957283 12780.120492095211 0.3074305027249665 4.743087384603388E-4 1928.1041613479858 4.443561166246189E-73 1.270607105151892E-12 1.3920742537149934E-100 1.3184367753962561E-17 6.724116892734149E-20 4.7200172796038017E-32 2.091032369684203E-102 2.9775106077446915E-176 1.198515259095038E-81 
29950.421664118014 0.6652856275699184 20422.328757203013 4897.605088673867 86.93492559957828 0.0011050564982853165 2.149468921603759E-71 1.0527688540443801E-29 8.891538093417086E-100 5.596788809877025E-4 2.9105529391882053E-42 1.4645993489911954E-20 4.871924159098807E-122 8.980334151487468E-190 1.7569108549435535E-76 
34776.94970487981 23865.99297730835 5992.835831021959 10495.075880934066 4.230275849270124E-18 0.46251598277282596 7.769034842897926E-47 2.7090230626924213E-29 6.195692149268024E-190 1.2971342800542473E-19 2.56996807707819E-106 3.3422213691078005E-15 4.222362571558548E-99 3.7909607392324965E-244 1.2045087855109158E-85 
23276.969810485487 5026.145991025601 0.23435090803776334 4187.921553284646 5648.774023285489 0.7068189408511246 4.941810692232195E-54 7.726419350998694E-29 1.234595568415021E-115 1.9687570562938347E-33 1.3051515845094516E-16 1.5629462644517761E-21 1.1254082281083895E-100 6.032198419561984E-122 6.555259694637946E-113 
43699.92976909275 1.539669030148608 17041.58366860968 4932.349273000287 4.221555540776751E-6 1.0416385708657604E-4 2.7948996259630852E-111 1.3117128336766112E-26 1.595173995985904E-188 0.03312748268989809 1.5345523667597002E-14 1.1361992051903702E-18 6.5853289721446516E-99 1.5027965520831155E-277 3.0189853257552573E-87 
25522.125980853947 18017.930484771292 0.12347829929630698 1349.49278163929 7.408932894411213E-8 3049.4934376532397 7.856644937858979E-45 1.8308874310315742E-13 9.920890148118619E-103 5.852890771174489E-13 8.526083804546958E-126 6.928361044325951E-13 3.935622972453874E-142 1.1926265058328612E-131 7.28088939136544E-84 
46261.80227846659 40393.015096822455 159.02977109446672 1.4594512663007886E-7 2.877976959282247E-20 709.5148136215846 5.767781580181419E-106 1.542134036453537E-12 3.3667788644120844E-93 1.1344379146807607E-17 1.7349234459102924E-12 4.941822928515212E-25 5.05327938726053E-90 3.444522342174182E-234 1.0738255175751506E-111 
67314.78789785835 11469.09717365656 14093.96887965123 1623.4158090344918 5.944545266712135E-4 1.1623574686619865E-16 5.621880016490762E-63 7.067123941607942E-22 1.1383517915531723E-100 4.9561678248070394E-48 2.6260416922488445E-18 5.15987594297131E-13 1.4399966430202318E-104 3.3344923352039506E-109 1.7609424133669561E-84 
38227.19216171983 19921.960947772186 0.2901292936974707 1687.4307180802728 2.654912490227293 2719.7066550373365 3.4904439673245664E-59 1.7678989198021185E-13 9.579579104135496E-103 5.651532200561994E-13 1.9711419307494047E-105 4.8910021733765715E-33 1.8406502754039795E-148 1.151596256358226E-131 6.8791508008977415E-84 
2605.750593490237 20945.673570042654 16491.23697142768 5025.114400081324 1.4433591223048596 1.0028036119513647E-4 3.498154285461448E-108 2.4087321244233922E-27 2.872552295808883E-98 0.02936969384598252 5.095395389117758E-14 6.657816314648887E-20 1.0618986138834232E-189 1.7371386990862533E-220 3.1397410388265845E-151 
43062.525541014635 8876.131263387926 0.019300110492484524 8.060625660312883E-8 5272.9904319319285 9.530489499972422E-4 2.943302970872288E-39 1.097640767392895E-11 1.435772679122788E-93 1.4942087954004512E-17 6.632796332439772E-97 6.869700165120631E-34 8.017002476741197E-66 2.8766444954443E-311 9.706951937376234E-82 
15820.815425943196 38918.50418936074 0.027904388443456694 6187.501157969191 2097.225405575231 0.0011227816487077813 1.8521787579720693E-44 1.0610577933991053E-27 1.5931804089489597E-100 4.502024414192647E-19 9.107944361087874E-9 2.665037902828932E-15 7.484698201666846E-223 1.324E-321 8.390861060078065E-86 
17742.3586483071 6792.8723629732485 2.065009059783403E-6 12830.62793660426 5.807515974247996E-20 5.2500346765018826E-17 2.934578669788225E-111 1.8861867005293844E-24 4.744698595973407E-279 4.776752493755359E-13 2.0642489919956858E-107 7.678353640008854E-34 4.214412591078717E-80 3.1185013830790747E-258 2.833329081580504E-70 
13353.793000053769 8249.335311251525 3540.0589639590835 7462.9037529139105 40.47574286327352 2284.284050310527 1.0406987381428168E-52 1.4089199254217884E-21 1.1430694473742525E-98 7.599121218547037E-34 2.720292977785448E-5 6.375696931477673E-24 2.4726749186974143E-65 2.207248860552565E-273 7.797435141406208E-80 
61753.428526748896 25557.4443430806 1.4391435644636665 0.21962839490355976 3806.9913890311796 3.7470580745502026E-7 1.9939937875231865E-53 3.2492311984199846E-29 1.778707906328296E-100 7.433478514582239E-17 1.2490259011206815E-98 1.8129440063246048E-32 4.050013409093155E-99 4.2097386050834174E-128 6.3291487914876625E-80 
54359.50085254206 29557.711323249463 15915.998201998907 1832.117266143374 6.712953739707034E-4 0.7125583181646669 5.27739359339227E-63 7.980640253372657E-22 5.868792056473605E-116 5.596816013407301E-48 5.593326414617866E-14 1.163310497356835E-21 1.6261346580252598E-104 2.3105033594535255E-248 4.6185497694673866E-79 
33818.63396342538 3253.6444326805026 13962.668124449843 1.0818389318614435E-11 4645.151448836079 1.1172398525396019E-10 3.5364555196937075E-137 6.563307412601006E-31 9.780163385509803E-248 7.072577042287037E-13 2.154450559638979E-124 1.7464547802178436E-21 4.37888319427847E-93 3.2879993471952514E-182 1.7203782330224573E-96 
16901.131973525928 24359.725494470542 5157.322995759305 9884.966767133512 4.012633607339769E-4 5.456169009286079E-4 1.7893797057452724E-107 8.687532933175892E-30 1.4884096531805833E-96 4.8507666905827393E-4 9.115595592507636E-16 6.353347123636206E-18 5.305924153681931E-90 1.0318578176179685E-222 6.441876397974605E-78 
35231.70645795126 32276.40409256008 9543.606814696386 99.37584754039062 0.0012938624325797153 1892.4981954659836 2.1980473758592234E-51 1.5042404519362015E-21 7.331176629417852E-174 7.585027595706356E-5 3.148540933575846E-107 2.5407205623741334E-14 4.620824467430475E-76 8.004531393197483E-125 6.474420965514479E-86 
15477.590060870161 29548.259672727567 0.7617177501726977 0.880514219061693 4363.3732246904665 0.7163896689298092 2.409187689362091E-53 6.307888346135398E-29 6.458880397314494E-248 1.1315819376357883E-12 2.015939607590248E-124 1.4415245751733263E-21 1.778539489541529E-100 3.076611846155572E-182 5.743504647263957E-113 
34184.956727365905 24214.156893583462 6289.0347757062955 2368.0598307733026 1.0939930119126613E-7 2401.115485382935 7.45399983276403E-45 2.5173359838661332E-34 9.402376402667093E-103 3.511051819612344E-13 8.080469390767E-126 6.566251356455336E-13 1.3800775425551042E-98 6.334175286564721E-228 5.555088717268377E-98 
5916.457421208348 47859.41549030216 0.30941568078680987 1.3822724163779365 3.400992064895144 1.989743977839417E-5 4.48442666457755E-133 3.489109847135529E-27 1.0091123526548994E-235 6.841398357658858E-13 4.975606215732978E-109 6.964910549817656E-33 6.048815191967416E-94 3.180525740389956E-182 4.424785701204936E-70 
68284.70237573773 39.7787718137148 4.699131826533356E-4 9665.656507982008 1.0320949847634933E-21 13.899044287950698 2.45806164494814E-70 5.0563931096492425E-19 2.454580360044275E-246 1.1458734710347323E-13 2.826699119575388E-32 3.7744056656403656E-14 2.3935133472770727E-174 1.1398591784987803E-197 6.015866528507322E-70 
85124.19826280735 3.2247487468996336 129.53378925772594 2419.297667687964 1.1959570580104169 1.0529915657804917E-4 3.2320334199779725E-42 5.5000276131869205E-28 1.352311772008799E-188 5.90726926090748E-30 9.752099863523734E-15 1.0283750600209624E-18 5.626734499857161E-100 4.7274704389765633E-150 2.3460259235805382E-83 
19581.3134909795 6114.735303734879 19877.19618734789 7587.793433334732 28.927562548057523 8.03138085118586E-7 2.7338031522416707E-47 1.4895892800395197E-30 5.7575954188599706E-92 4.94485851816427E-19 3.942240244547387E-85 5.0867139121948733E-20 6.156982847318415E-130 4.2053137012062485E-126 2.5101511474399488E-96 
87564.71555918992 27251.152489515094 3934.696911304838 1.1398925219719977E-11 1.91871442401209 164.41872839282868 5.3638154783404584E-105 4.460049560152743E-28 1.2356002107704814E-78 1.2178870580914714E-16 2.08571164966431E-12 8.89387508919417E-43 6.279946946939871E-130 3.7453889288098715E-153 5.6154331194699475E-98 
64856.40604697497 20873.58483251037 17423.445636262633 1.9769526670992404E-12 7.168187954048378 134.31269988288108 5.342002132821886E-105 2.6661836532298037E-28 1.2305753223437274E-78 4.997837135362443E-22 3.039196883065365E-15 3.2083439774578765E-43 1.1409888548043664E-129 3.7301573342228697E-153 1.2150320528053082E-81 
13770.691008544936 22529.129224704247 23689.040835349653 6.074614588936848E-11 4.0278418238993385E-6 3.935545385823925E-4 3.0924760342034877E-87 1.1548895098157071E-27 2.73028048859002E-213 0.00912758445293721 2.1540706840587343E-12 7.719181530883662E-20 2.1568891710863072E-97 1.9633246642496189E-261 3.664059261423332E-71 
36882.12958791074 19878.45032153207 23498.78980403198 0.3832938361719075 2.1859511923047704E-6 295.58236235355884 2.703003780519316E-50 2.5344908190222474E-28 1.1524576803944906E-102 6.229059931271797E-14 5.425659268098768E-42 8.313244851863407E-31 3.1657106732321506E-135 4.832066902009227E-184 3.504944895249486E-80 
75848.86009139393 3.186450118258491E-6 17000.13768712217 7.445131815601187 7.161029149768126 5.877207528810794E-10 2.6850883819754496E-111 5.561079849468907E-28 1.5891717094871646E-79 2.984417270794147E-15 5.774799482556533E-14 9.328454926827964E-34 4.643909579396142E-73 9.819733540894103E-234 2.949331956491594E-97 
60569.182063626846 1836.6729320547622 5244.430096264685 9208.96619006689 50.23742407047172 1.1571147650735174 1.2871979931409939E-111 6.295279999102326E-30 2.6334412040543217E-105 4.0712215693031947E-13 2.7287820664296563E-86 5.315203020687157E-21 2.2539607244838787E-92 8.590729625700147E-194 3.313653543132777E-70 
80883.70674642916 5918.705580196952 0.5926717937957386 2348.558099147345 1.007323867336791 1525.1848914499174 6.239540616288567E-135 5.514577023009771E-32 7.940682483745154E-192 5.6244996760466686E-11 1.3195360071720786E-12 1.132967999737976E-14 3.501909879065823E-153 1.176347291693899E-239 6.488647880378507E-85 
86927.45336120568 6744.580849737783 5964.546424423537 0.026919184794330992 0.34453585404513576 1.96685605122076E-7 9.049188578588276E-107 7.270794138655257E-10 5.457296210303227E-249 2.641347912874467E-10 2.026254976929945E-147 1.139240302545694E-6 2.0683534465071446E-103 6.70991792409253E-310 1.8459931973382768E-84 
52007.71084323892 2.548890957221053E-6 21777.994104402776 5.165797239761052E-8 3.393118243324029 1.0717971661194348E-4 5.77699987906362E-49 1.90349500519826E-33 1.5462783536351145E-230 0.002925192686247804 2.616241541806103E-52 5.96696315859746E-16 6.571489373325854E-72 2.567238327088035E-125 9.814650051886103E-70 
60914.791448459044 9208.457972912855 0.3436258869661088 0.14027399583380235 4.380263697006605E-4 2285.687393630077 4.6576544334930054E-73 9.76540156235354E-16 1.154101087034075E-160 7.50199108421704E-6 1.261090669548757E-91 4.882398514077992E-32 8.260427091782663E-230 8.81139665633366E-176 2.28085310927532E-81 
18887.843438570853 17205.645791758812 0.005705833183783105 6663.375754386397 1.1454286949585132E-5 2419.3145563934963 1.3607503045397908E-47 6.132397773864058E-22 3.0037108020975467E-163 4.684830446456634E-6 5.744514155553317 7.178810295596788E-34 1.523509119971936E-60 6.889832241059203E-180 4.648528445321552E-78 
1305.1306636504132 8008.435328633094 6212.670968188727 10472.574646563928 2.2650490684487543E-6 1.709079365581061E-4 4.0915018173514413E-44 2.434434035156401E-27 1.5665053140397415E-99 3.2981444420212967E-4 1.3165329782738649E-12 6.4456267265014E-20 1.370659000032608E-204 1.7556744762570987E-220 6.861219680642315E-155 
55917.53372513207 32.57436493166965 4.489731919437677E-4 10856.274780495205 2.3851203359866816E-22 13.917141124233828 2.710389986495076E-69 5.062976635566042E-19 1.87006860566328E-217 1.1473654214290823E-13 2.830379538899828E-32 3.779320018021876E-14 2.3966297499800057E-174 1.1413432981628207E-197 9.747914906276264E-71 
30845.253972946273 39542.288064361856 8582.364124167474 0.04671562565157489 8.507250361015967E-4 4.0163069795196257E-16 7.443790076354328E-47 4.463539200104656E-22 1.4384276344052964E-138 1.0507849962146124E-13 2.2557757527604627E-117 2.62797957704588E-12 3.459085749047571E-79 2.0403934487033637E-71 1.0113848420627196E-77 
8619.86110768711 18140.17131115492 12870.496394844475 1516.0166261603376 263.5426303260852 2632.592228384252 5.133229475781104E-44 8.087367517950539E-27 3.633721482207992E-172 4.332257611356587E-17 1.3447970189912044E-92 3.0445278389980334E-16 1.1657803970210858E-148 4.4126001011426096E-66 1.748818279056603E-81 
39916.78800547193 33650.03265903515 1.410454526978185 0.21437811146957828 3715.984104513541 3.657483514104063E-7 1.9463267608862528E-53 3.171557340530474E-29 8.538787505840297E-97 7.32052886277567E-17 1.2191675578944003E-98 1.7696050296530243E-32 1.1149392057565251E-98 1.0371882837314923E-117 3.010306920792459E-79 
66917.67245616896 19240.348389392515 582.9438503195477 2318.2898948035327 3870.043378578241 3.5433255120641347E-7 8.356037596387348E-88 1.2008785048822711E-30 5.030401023884534E-102 8.856700768054447E-17 6.623377607668173E-95 7.304058159889266E-33 3.612529969668948E-133 1.418114322197157E-128 1.5480515155670274E-70 
7583.676099100178 12920.018438003153 11774.984767367254 10795.206591842702 0.10061052822040857 1.5244415758735647E-17 1.9865828531324668E-56 1.0987431607113251E-29 2.634572889506796E-215 7.196427687595587 1.2887695773842896E-95 1.6020693087164994E-16 5.131089428377036E-184 2.946024052763415E-124 2.3818473078757004E-96 
1999.980094658488 16178.241726118174 22564.014924404622 1.980794080363779 3.7772923523692925 4.587307673441544E-5 4.48442666457755E-133 3.403280277096469E-27 1.915883053381142E-93 6.841398357658858E-13 4.945343794481826E-109 6.964910549817656E-33 6.048815191967416E-94 2.733289344048402E-189 4.424785701204936E-70 
13293.661321878106 49074.70107216308 0.18192131133570094 3081.9034262139076 0.10068762456489096 1.7717921551756888E-11 1.7386783762056558E-53 2.8385308784899045E-30 1.1720003079587654E-171 1.89811044650287E-5 1.799175333599035E-61 1.462863775537465E-16 4.752849054591531E-75 3.024201058064896E-124 6.625739767521328E-84 
49275.411597382576 17194.268114570656 0.0597984372301786 9915.634834395267 723.2113485993983 0.43957885991038254 7.175432737749257E-125 7.769733356423967E-23 2.3314976380140707E-116 5.250042841763153E-13 2.442518052144774E-106 1.1948080610463101E-21 4.012966890801737E-99 6.085404147926829E-307 1.528132072935621E-86 
41550.74043510409 35280.06385447863 0.028998604252215288 7579.754018083558 1.8577880184620285E-20 7.560582016729456 4.418060256568468E-58 1.6355921501684652E-14 8.023721802760589E-163 4.0663117547581476E-26 1.6691848386965215E-15 1.5080058181399685E-33 3.220600986068104E-127 8.19867885821368E-118 3.382195991972969E-70 
27753.475031100676 7456.927098922872 8585.023237386571 9165.182283050444 11.661543897756033 194.69372111944622 3.3785444821458915E-53 1.0367707018380918E-7 2.946951088279063E-173 4.64565822630125E-48 3.1207522918169005E-18 2.9850763216468676E-33 2.3079840363924654E-214 3.6246776773847336E-69 5.544001063934926E-79 
4529.572879449142 0.0034225207167846985 22761.40804714801 3410.151193606875 341.1795246296415 2.764479354259278E-8 2.0109814114997924E-48 4.4554360083871634E-12 1.5306566928377869E-176 3.6937664161485313E-11 1.7929141992604532E-16 7.590378761715161E-24 5.4067836219467724E-76 2.521694168973599E-223 5.632625659145371E-85 
45458.41635289834 15562.608281347175 949.3763272179096 0.5763574098755538 11.893894533136388 2435.1888788306255 2.228445990718028E-46 7.627159639351098E-33 2.4801925879784987E-232 7.390473010186737E-6 1.5151659677996727E-16 4.8738861610356056E-32 1.9431654727155904E-211 1.2354709534234208E-176 7.5085413172489285E-84 
91303.38390347836 5.3871030135922275 9738.030200610634 3029.7651948437992 3.085997002719672E-5 0.21553443688037593 6.381377408597288E-49 1.8648059442020228E-13 7.483873115330894E-239 5.555430374395685E-13 3.467988259582783E-126 2.252053812938789E-20 1.3064415059445494E-172 7.46929853286035E-245 1.1011585476818511E-94 
66918.02794468294 4930.888333113588 3198.2753422175465 5.515362906130042E-8 4353.739974679466 7.403395587125227 2.5094897698795224E-49 6.762022523389605E-27 1.9431749502362922E-156 1.761477798993798E-18 4.991493050370038E-102 6.111213920725136E-41 3.848147327590738E-49 1.0805452055393682E-67 8.432441417521598E-84 
11300.652196274872 0.038099914494839404 349.6115459234473 2218.7470223585965 6152.203730753485 3.746642112796293E-7 4.014482399365743E-52 1.9757480013495652E-33 1.7785104515662696E-100 7.432653322471774E-17 1.2488872464763787E-98 5.550567308875043E-20 1.034283412750844E-65 8.985705880849136E-252 6.4157721365797176E-80 
7803.443413744118 0.17328736674915304 7730.725712043486 1.4244652222802656E-8 5765.666305022227 3.7383795091989796E-4 3.569832151167329E-51 2.4932413178187983E-22 4.019635431494461E-190 6.831228340969364E-6 9.806201931256374E-16 1.6792337382340597E-20 6.37986132325372E-104 1.6788678709465423E-178 1.250427127635941E-69 
66513.51353269552 31682.801600068564 8083.434939276533 3574.0157683848674 2.23565229022856E-20 4.694408611340294E-8 6.522924923122488E-45 4.768130923698686E-30 4.22125746171907E-192 5.360892229641748E-4 7.32439010618648E-16 2.9055581777786676E-25 1.3576153746818387E-98 4.685724919425255E-223 2.5256479788154567E-70 
823.5359112173609 0.052981088284200346 709.6952786609844 489.82639203371355 6020.565063083956 1.7953503298677076 7.980111211905804E-47 9.042783153192988E-29 4.691026454173099E-190 1.498363675047433E-18 7.335513445276212E-98 1.5246806585709097E-15 1.8115926275491146E-162 7.457149780412078E-229 1.6681217734060813E-83 
8659.189121240343 1424.7486367714353 707.6746205880683 11893.40984004626 2.909510199198493E-19 1.9959394128918282 1.2595244871931688E-111 6.236588613726419E-30 2.542417771019106E-103 3.316488226697195E-4 2.104001042765859E-18 5.2009313210884E-21 2.2055027593199595E-92 9.60777301082343E-292 3.177995461662291E-70 
13153.595739431154 19170.206406441685 16214.243522111885 9148.588508664423 3.993545588277132E-6 0.0016246294235667594 6.502713992668116E-87 2.943940678882266E-30 2.734502445185633E-215 0.020292885385198633 2.3556571585012546E-92 1.2655267935257842E-16 1.739512353289512E-94 3.055773526816544E-124 3.9106792358516245E-96 
2713.7736996989393 30915.125657682634 2.61014710172223 7255.833882132354 2470.267350177531 0.001168085061848401 2.5109130428591556E-53 8.089495751897005E-27 2.4004285235683445E-116 6.846609408279872E-29 1.1686572945098422E-91 1.7063218148251612E-22 3.576574877098487E-80 1.5688828249654105E-194 2.8331923952422882E-86 
55732.860865072864 40769.16888153236 0.30480000058070694 3064.2399179920285 3.141449227164305 1.3948101228186628E-9 7.086941852572956E-49 1.230190999190694E-13 1.44297725598016E-217 3.969645613756661E-6 2.592152649509293E-83 5.914792248186644E-12 1.223077876291298E-75 1.113315827836344E-123 1.2973707478591333E-84 
50399.27321044667 38068.05391352488 9138.763997759885 4.527732739419032E-4 2.3981039121920222 9.967923092632603E-7 4.977420294726851E-50 2.987417471477942E-27 9.456462989883188E-115 2.882014446387694E-17 2.1284930463416884E-87 3.565848499402624E-30 4.690612229340338E-101 3.701062031367291E-123 2.6440706452159826E-189 
45673.85719446655 0.0027963408630541035 8548.266119576301 3211.6202812870965 57.00785693266062 2420.23588451972 2.355659738808723E-71 8.705485934504495E-27 9.277169784906349E-100 2.067654119530979E-15 3.0367854808693174E-42 3.096096319813451E-36 9.672606300989983E-107 4.211922167592276E-184 7.88694855828854E-79 
11333.889857775632 31450.414739988242 16765.80675364187 2209.363977439461 188.43202205153545 5.330086972616414E-4 4.616603133170882E-44 1.4133094585047863E-27 2.776106688130154E-172 3.845157667492058E-17 1.1935939717064237E-92 2.7022145528300027E-16 1.474934452081285E-142 2.4483253525439166E-123 2.35312199405588E-81 
32979.191873211195 7206.9479432399685 2458.9023441116274 5667.725919558609 2.0040721705619825E-5 2601.378655526276 9.5918753428529E-111 4.372441396207543E-12 1.6360258088360624E-176 4.350330494564433E-11 3.8958670726986446E-16 3.0631037354382156E-14 5.778982047174487E-76 1.4814047627773806E-124 6.020370859771001E-85 
75545.71070446655 0.029880784362977374 7251.44754098189 2299.8463335679094 9.171264112174753E-6 1395.8730672680226 9.765334904284305E-44 9.026823578418885E-12 8.451821027822634E-188 1.567288179211733E-29 1.580332055916689E-8 1.1565847911394627E-18 2.0576638326720874E-143 3.5716467618308113E-121 3.4858347281730526E-88 
55807.73721512159 17991.156828111598 18167.663443223864 1.9108905344585656E-12 0.001163328022964878 7.897414229494797E-4 6.066573796103072E-96 1.0369943762012405E-29 7.78554300507729E-79 5.838922881912997 1.3655335011771142E-16 7.031612595417892E-34 5.030258963958054E-211 5.76284944758415E-70 8.084234932939963E-70 
76594.18446573976 16962.726799144883 6130.216123282999 1.2381501206728363 667.775985119613 1565.8929054234882 5.763574657178891E-39 2.2985885792916806E-15 7.18790308080898E-99 4.2712795332936744E-30 1.4027300014723512E-4 3.071399625292597E-21 1.1254850276417436E-148 3.305777655981089E-260 6.849446417058333E-86 
64121.10174579293 33245.17906042061 683.1281577512576 8.717504255827455E-8 22.03046838561256 1126.9751739210617 8.230823372110913E-88 1.654140461327756E-26 7.55933240230353E-173 2.336055457452847E-5 9.4008343307196E-92 3.4826398139232046E-20 4.7956132693021654E-133 1.5773887850217623E-196 1.3494125581286013E-97 
37406.11691583509 20157.408507580993 13449.810429635376 7115.342184517399 3.988212044027282E-22 3.836857819084932E-4 9.675964379425618E-49 3.1760558995191274E-28 5.1099035725172945E-152 0.019923459738562285 4.1408702772039235E-26 2.480703238944908E-25 7.761922099169155E-68 8.542384139075965E-127 7.523447700878878E-71 
21611.60097107076 665.9589231328249 0.25542459611237317 8755.631218011518 27.15649034355114 2088.507106069007 1.421449890724355E-55 4.880607161935738E-33 3.822689739864924E-161 7.0494124572201705E-6 8.332622378406737E-91 1.7253804508504297E-33 2.535103595178428E-60 3.383660341424957E-196 8.602730910709263E-57 
53203.796730614806 24166.483526153177 6975.732227362722 2191.3657124943315 1452.7095716075848 1284.9768985612327 3.4657090980377505E-44 8.821977145932883E-12 3.464698471894627E-118 7.766154837298207E-31 3.250292500399456E-7 9.20170953999988E-17 1.7732014873320464E-147 1.9654084392614467E-121 3.2815114034384E-50 
17396.157533593934 224.37107986339197 2529.5567913852196 3486.1196410769503 147.07935497521422 3016.2184166224647 5.892677807778524E-54 4.112620551782658E-12 9.031934505131123E-115 3.998076522199089E-6 8.24219511715031E-93 4.964332692581076E-16 5.442666096317618E-75 3.4665941061488412E-124 2.1845142524964007E-84 
5195.20238847729 41760.333330135705 51.059397084181995 5378.37164184916 7.1779498811190505 6.935594313482424E-5 3.744071413021513E-108 7.857967051791762E-19 3.8940223555048796E-97 2.5570797305122056E-13 5.453597062503614E-14 5.338047439197836E-20 5.150754149662304E-190 1.8592579737248724E-220 3.3604619855283594E-151 
5048.730823743564 12745.47793080833 3896.3861885393267 5088.998141483257 297.72410498954156 2420.19244857498 3.492649740466283E-105 4.3341996624252105E-12 2.4409762667980755E-167 1.6410767613193436E-11 9.530407894275925E-16 3.03808222073048E-14 5.2596602678019004E-76 1.348279975211598E-124 5.47935694384998E-85 
2023.0299769857174 7989.754173905451 3246.145930563942 1.0610634739843447E-11 6268.253654797349 0.2433499054365448 6.596814338151208E-57 9.603841579838156E-28 9.195779506825604E-271 1.4397561994324429E-5 1.2185890473880445E-20 7.469734955494365E-20 1.3414876858153446E-58 4.439958358248152E-189 5.688929508293346E-136 
42706.91890473467 30576.999061089777 7557.130119723545 7339.073385973322 1.7454843293235285E-16 0.4067347308404429 1.5389006667255108E-48 2.2319934453535104E-29 2.5547354725394644E-116 1.1520311181109074E-15 1.1840115161480373E-92 3.918099761958205E-15 9.674986530717514E-83 1.9365187804022459E-184 1.1117618193333373E-85 
55193.920076764334 0.05734842287996872 5356.4072773650805 1682.6688392267342 3816.910661239802 1184.1555008246644 3.3699026012706496E-44 9.011513997456646E-12 2.2423555715421473E-151 1.2011838026252204E-29 2.4751202226412515E-11 9.313933718575015E-13 4.2195068702804825E-164 2.2906618796302288E-122 2.1897059048009837E-131 
83389.26948432054 14207.868208797168 1.3507619030031843 3204.4430735242668 5.949513545552401E-4 1.163328933384228E-16 5.626578621056001E-63 5.405815034274807E-12 1.1393031930254468E-100 4.9603100463947323E-48 2.6282364618717315E-18 5.164188417906848E-13 1.3322411661372156E-105 3.337279207364685E-109 1.6699834478808048E-84 
57268.51582727636 12041.133854067177 5006.794039825039 9362.439163941222 1.356832425099184E-20 1.176358987244784 5.7228805498966365E-49 7.269068018605104E-30 1.465495423022895E-103 4.1389309225609453E-13 2.1859897884409455E-18 5.519758409861164E-21 9.997644236216748E-179 1.3018791078129796E-200 3.368763621153948E-70 
47822.90866060803 7920.634829120738 1.300760363262504E-7 4564.239382309951 348.5513915508382 2527.6691436175124 2.004648879505873E-48 2.41339025048997E-22 2.7733700389184995E-102 4.699623107614821E-34 2.347073330506951E-16 6.659073057591321E-25 2.885853650121939E-84 6.6380141042918175E-149 1.2295448192184767E-68 
6841.673654803735 43575.50022019615 9127.684556884333 2259.343602263566 1.6250168531822453E-21 5.35573775449623E-4 1.5039184053726017E-106 1.2616637369752735E-12 2.095238007821018E-172 6.145489684655024E-29 1.2199719377186838E-92 3.2951792879111065E-16 7.761351632342727E-148 2.506461691869038E-66 1.066129091852809E-85 
37169.46469125563 6629.231532573948 8473.628163961765 0.5827426616877084 3969.506984954179 1808.2922675184454 8.207219295997047E-51 6.903509449847801E-23 4.684346490450771E-250 2.2671882608550388E-45 6.673471632679341E-92 3.469352473201266E-14 6.416554305773322E-82 3.805258956894801E-148 2.74338203633714E-83 
3745.607500289386 25129.944609282345 972.4434156988468 4137.40910913509 5.09875852852799E-4 2170.1665276279628 1.2782020812638848E-73 1.6187614484929112E-11 1.3651865466195809E-96 0.021384229462374043 2.469864996569883E-14 4.697382443943505E-32 1.8604554714711083E-190 1.441193554917335E-176 3.1118461230800483E-100 
86361.92907192178 14483.389490307896 8605.209158595431 2685.8374812687534 2.6349155795944856 6.4676039473027E-4 6.647834141687861E-44 6.282582864428216E-28 1.3498774275101365E-215 6.35405852005291E-29 3.0318912154871136E-92 3.5317947990227586E-16 1.7872606118236814E-51 4.138875760876923E-66 1.0612330522197868E-82 
27391.350431267732 6068.383292742996 13935.172352187805 1933.916296771486 3.0427196069975078 2524.942619482764 4.9217533083287635E-59 1.7651889444706393E-13 7.804297008412267E-77 7.444490945181552E-13 7.898298737157018E-106 2.054518596611558E-21 1.837828781038915E-148 9.439142811022304E-192 2.4428958883285E-84 
101554.12373194346 0.7364181017653835 0.042079942342098685 0.1803815773353924 472.020771320385 5.379974934910571E-11 5.004876860003005E-56 3.9270334171912446E-15 4.121909648051727E-185 4.1053432523725943E-4 3.826299331432729E-14 3.441798547289759E-17 3.6971476848033835E-69 7.8857892489E-313 2.07466278064024E-101 
50588.90818677115 8813.89934507764 7504.414581914612 2710.8548510395754 4638.461258126038 786.1949626379928 6.49356943671572E-85 4.308553503806389E-17 4.259027265983595E-78 1.0897637986412211E-15 1.9522566323332772E-27 8.107525640741129E-33 4.553057607124203E-141 6.519294027397984E-124 1.3768440830844227E-82 
64478.25746098721 20642.242806432834 0.09351072119909785 7710.295572107887 3.6972694606312104 4.0931515581950386E-8 3.4823247973769103E-37 3.891502115264768E-30 5.352747536181724E-159 2.3997718050607858E-24 5.522263489586646E-7 2.186265175865149E-18 7.8683828710946005E-81 3.2226378833376564E-199 9.305810643896305E-84 
23329.45628055245 17268.92156195855 18669.768173643657 4821.65219930391 6.5642109971151115E-6 0.20037198126099284 9.710530885369699E-49 3.147480127918941E-21 2.998702147808459E-227 7.404142482960654E-14 7.905874483666606E-45 4.435480365043593E-20 3.016630743865708E-108 3.063294161675823E-122 2.375461460605052E-80 
19413.12255036332 47176.26301022636 3959.6963747270815 831.9567095775501 483.0679176476492 602.4165512289728 9.543889864122999E-39 2.1775239249858485E-29 7.375416883823421E-289 5.0539434595723155E-14 3.0618014973027854E-13 4.1795625144794465E-23 8.43846623654369E-79 2.883684679347946E-123 8.955529431059778E-86 
521.2292516247301 15796.695174611836 0.19916123079415357 2710.4027969007852 2578.6898314639784 2554.3283300696926 2.7812162325642946E-48 1.1191804370255137E-14 8.870647171056524E-163 1.1654796023555522E-26 6.79650382990722E-17 3.9585622564292404E-14 1.6573742832082157E-126 9.274098830210478E-124 3.0820661772141886E-109 
23667.985600694683 36960.923861477255 3.831335297475974E-4 1.821503722977586E-12 3533.8193273662573 0.08683525860897352 5.603673189935109E-48 2.6846064424515847E-30 1.0129424719358678E-102 0.00516191870813078 1.0350173196042267E-32 3.6805266448817446E-35 4.053699656254576E-74 5.400235626151888E-116 3.149622630752371E-85 
1732.2324597663765 2374.310396259281 13952.456252070186 0.005828385824047735 346.3091589216245 2450.413345809644 4.204204342874792E-56 4.161002633354752E-27 5.166692660382833E-159 5.2166560122601E-5 6.363807407133439E-11 1.4792014782025269E-21 1.8900502140028972E-93 5.500047700522269E-121 1.4554077551752427E-97 
452.8384950658883 3640.0288351829186 2865.9177707078697 0.07211204208353872 0.2230733111961926 2815.428198559461 1.529379735183052E-106 8.901434741065776E-27 8.92868794720451E-101 6.3158502163790065 0.06821350103434702 1.0505894689043371E-19 1.1012056977730488E-189 1.017592929375479E-217 3.255961234230669E-151 
68042.38043632022 14283.605736732407 7940.711784819961 3754.3565335710277 1126.0981563599883 1560.6618114421292 2.0073901430402263E-44 2.2168054694671764E-15 4.3272123258421285E-99 0.03395936851116862 1.6575538006743766E-4 3.0611392116775732E-21 1.7908392894187267E-222 3.152187605770518E-64 2.227215890875187E-61 
17280.137975273617 2906.5405216602708 12475.714547426776 9553.628579969056 1217.3470144131304 3.593987988515336E-4 4.666637465913986E-36 9.83815380256971E-30 2.2307419147563165E-192 0.0015095121066104227 4.306711516147706E-16 1.870159375151085E-20 3.295136678928338E-128 1.68224202934893E-307 2.679476577703814E-69 
71738.44741040056 38658.41497006337 2105.7971212731927 1.0284262365557746 9.703839583573873E-21 4.204320303045398E-4 1.0697583575943399E-48 3.511394016623161E-28 3.99635713864167E-152 0.01975260694917872 1.9896305068643207E-14 1.6232456431451302E-25 9.477260921608708E-67 9.444316305899443E-127 5.607757109463144E-82 
22748.01828161539 26309.437168977136 3065.756339319218 7.204087926753652E-8 2414.5224547279254 1827.270111800395 1.0084966717644674E-43 9.875106209484708E-12 3.2523245261435355E-91 1.8198242505096116E-17 6.56317642033539E-83 8.959071191281398E-49 4.576384579668261E-99 7.416164953121721E-150 1.5372837067419402E-81 
46004.536991203175 24808.872962408062 15906.26809485086 2278.689291707436 1.5044168274874483 0.0012784718482589648 3.0553495956103178E-49 9.067580063475196E-27 5.053733071131957E-152 1.3087855859818728E-44 1.85568384895429E-12 7.148620474460935E-15 1.4467283415146542E-60 8.448482123403427E-127 1.25636494659324E-76 
7392.112774763629 38998.37419722797 15184.221422429746 1.1104785175593426 636.3801830039249 7.672024805039289 9.446193393271603E-51 6.849394537974251E-23 6.576047205860886E-248 1.296269228412484E-45 8.461545081257672E-13 1.1995679738326445E-14 7.350760225737756E-153 3.775430468268203E-148 2.721877339601317E-83 
20439.56195147942 10427.773373535478 11779.319805676487 10534.243881758628 0.0010619879700807585 8.092480961239631E-4 1.6857061340807885E-115 1.0626082161145469E-29 9.68919930101154E-228 5.983144720908233 2.097602322471543E-12 1.4106409751293945E-33 4.112298575392312E-184 5.905192266969182E-70 3.0985743008973288E-71 
56576.597694010154 31613.202680463688 115.09917100191127 3051.320446798053 0.611129184017482 1103.4041759569 4.235283569485724E-49 5.488144846613831E-15 3.2170574090900684E-173 4.444069013435504E-5 1.6299417694234846E-11 1.3353172728271951E-21 2.5796522628423708E-172 7.721578375406107E-123 1.4573601110826604E-131 
32498.424325807307 12559.802020513287 23269.30819720915 0.497006515993459 6.25357139191905E-4 3.381500966486134E-17 1.6780925755622385E-53 1.8931195247841264E-24 1.289231799909045E-162 3.864822396170906 4.647956506368902E-114 7.437686074945081E-34 8.296767747562186E-247 1.9273824666538815E-75 3.406423120297537E-95 
22926.428012506727 3.985344222122208E-4 10419.398462564444 0.212215742879777 3.274098711564067E-4 2963.53826498134 2.689022453062976E-45 5.356777038705952E-29 4.838288401151268E-100 3.6065459533519797E-7 1.9280869890316308E-8 3.7349602039186354E-31 9.039424444213726E-230 1.4043557653429227E-189 2.243539976674729E-61 
1163.8035225727695 35270.94734594376 6.0046121391258E-5 7.544508163852568E-8 4747.4138475241925 1.939758937260186E-4 7.486694635355847E-109 1.1689194820283293E-14 1.0067383628422957E-161 1.2587323254156364E-25 1.0773282898914769E-52 4.1344901941461256E-14 3.4733825701856977E-122 9.474333388821434E-124 3.2190405409705286E-109 
48086.7562724018 21870.0502656581 7339.9971932465005 8384.569630362983 0.0036395432769714105 1.5788062615307717E-7 2.7307150806148284E-128 2.124629635819251E-32 2.9254705024033854E-171 3.7999272786860186E-6 5.953692405780872E-13 9.545370975884073E-35 5.874561165738492E-147 1.2373383242284475E-187 2.2459524667812185E-105 
31054.895793192376 23001.50150501428 12029.539535682858 3.086447526813783 3942.896928644147 2.882658314998806 6.495885109346711E-49 2.1809485873021337E-12 1.5709890011841663E-99 1.6485624153382422E-13 0.01940670609699481 1.1991113882383338E-14 2.6843656326768796E-159 4.486853337407142E-222 1.0282108439155276E-81 
22620.270566523915 36103.98447950056 7701.8832741867745 720.6030792079567 1343.9616427694905 1365.2133412936553 5.961716403982185E-66 2.5148992194801884E-15 3.2299172810406944E-101 1.3249356432728249E-5 1.4243318095397603E-7 3.4729918634548456E-23 1.021202397585489E-63 3.06050699390879E-205 2.818850258706268E-86 
5709.598743413588 30211.38642485087 12243.133227481016 7882.037287509095 3.996200278045102 3.173332304648372E-8 2.3755341718330423E-50 1.617373765559468E-24 1.6406553568847977E-116 1.2344152187667153E-28 7.221849875822423E-98 1.5995204307534696E-33 1.47045607727623E-58 6.045111880684573E-198 3.328952939890558E-70 
83240.19682021608 32642.259755348732 1.2197272219653612 2.6520794208343268E-8 8.948437432878464E-5 0.20403287835690267 4.31710255412802E-69 4.422732995900929E-15 1.1133104512560087E-177 1.0905828676018145E-31 1.823904598910949E-20 1.2894831377372764E-30 5.191789540590802E-148 3.970074566014293E-123 7.501015170505729E-71 
47873.50677598562 10294.062182113816 22581.33164644666 0.3683289779949238 2.011271131166759E-6 284.04200423975146 1.4063412974272929E-50 1.317052689884047E-26 1.6596496888584654E-99 6.746766637665762E-14 5.2138264291607594E-42 6.485008453420975E-36 3.0421125175001724E-135 2.4297050744116094E-184 7.822548486786566E-86 
43242.48211425871 0.17403760519082315 2.730777614135501 8425.869938753967 3901.3468706508133 4.267457073908786E-7 9.224637000360426E-54 1.1958908041257373E-30 1.7938734924973723E-100 1.1608506575241129E-5 5.335579489419315E-97 7.755684985314358E-33 1.1600361312023562E-130 4.100857114159611E-128 4.6902600750330794E-105 
76546.59438691138 0.9686331204433452 111.27908700217947 7738.215553845115 0.6814612341513037 556.8648874080494 6.479945696803164E-50 5.7745086409832294E-15 3.3849190075206614E-173 2.0881072267571736E-25 9.974579524238139E-10 2.5962777224785443E-21 7.731105893106097E-179 3.7762448959724847E-123 1.5334031425324395E-131 
28978.944878809318 17901.80761904956 5993.112641550965 4722.391851756673 40.03212593725643 2303.5161048299533 3.0905502976916977E-107 1.640794345026483E-29 1.142976346422967E-98 7.598502283786769E-34 2.6853569995893076E-18 6.375177642425648E-24 5.991267034108243E-92 3.143263356652171E-197 7.701859560507478E-80 
76346.67981998084 1.4653214166756952 1.104494040440108 0.24088855098046746 3625.7205647916603 3.568640989708854E-7 5.030740455753513E-71 2.9188936792409573E-38 1.7083994101190842E-100 7.0795316206682E-17 2.144050384998733E-41 6.058241355672613E-33 2.853303085082448E-98 3.0402496299181465E-128 2.0913714434878142E-76 
44158.54203845891 32687.019773721793 15156.919614892633 0.020194306117950995 1.7303721784019272E-5 108.34241806476449 8.78393628447892E-49 5.153940287679848E-15 9.0419669830986E-79 2.5316071137580173E-13 6.062680032292978E-41 4.698260894471126E-20 1.3177214731103992E-129 8.226571849116103E-123 1.286739062684644E-81 
12314.886745951671 0.3519054105318391 8426.913944645938 6251.702935809366 4199.235437837276 1.966746252479952E-9 1.76279624172932E-48 8.770093679845861E-30 2.137521561313808E-192 4.52233371656299E-4 9.154704898119105E-16 1.59636699843151E-20 2.143451324406969E-124 4.2163593129340526E-118 5.6680889191009744E-70 
