1.488871616773258 1.3751910740715716 0.8720878942396293 5.040313839631162 3.8145062918172092 
1.3399168223612414 1.3923788641598476 2.9109871082069976 4.239194666819786 4.541748914507615 
0.2926356212792093 2.892908435796895 2.898774673934139 2.725765520188616 4.570649401647919 
1.3000676222088414 1.5998728647784175 3.768557142429465 2.956693097361657 3.806087291136658 
0.19669353745469825 0.43363837511964853 4.838495635886079 3.3349117277627247 4.963009791944518 
1.4714242488566414 0.25828499912331454 2.7424387665164556 2.8394123342076822 5.93128124022933 
1.6606670821014575 1.3205286992859802 1.492759907336384 2.9656886477327484 4.92368082821573 
1.338803616916226 1.882863585583181 2.7953867510170185 0.30258957083496085 4.807287644230566 
0.2321798201518226 2.7734869424652655 4.093359840595308 2.37949605960866 1.655957914977688 
0.5500084352341037 2.1279568771659627 2.0266561229550093 6.149872212187506 4.914136945682271 
0.36870742036397514 1.9725125345025651 1.5545286661821411 4.621926168187833 7.2187079358718 
1.2367017491732648 1.8592710465585922 0.25406073831299014 3.6123530395712273 5.223805124012699 
0.26999449513102364 3.430640828725881 2.8921376697170524 0.3493157000541847 3.218251817309183 
0.20191254301024814 1.705977074038181 4.39802591090286 2.567731871106 4.884084892660703 
1.3872505798660437 0.36725525201513814 3.410798258874545 4.244587231594151 1.815930172545752 
1.2666947182287613 1.6599944090833487 0.3871700244601617 5.545493792595785 2.3318514058953963 
1.1524609943479422 0.23244325236602495 1.9183505618059544 2.9400977718327153 7.587614043330959 
0.869376909212926 2.0243376243403404 1.1756097823091953 5.179232002708454 5.649333700074905 
0.7160863208891587 2.498524260713565 0.9806433309894749 5.7420520629177165 1.4184986616851716 
0.5605268509080846 2.175315036159823 1.4243752599203843 1.6463515018547004 8.049968292435684 
1.2972413432840533 1.4748551989890144 3.8988574229136237 1.738583749614574 5.570592906344844 
0.07460506824556459 0.7947394916189293 4.886383321787195 3.4738743609073937 3.610931999563263 
0.17840223971208263 2.805803884991935 0.5723730760344415 4.458844436363343 4.778539437529831 
0.21470713823604065 2.6134767878786245 3.7357571336914437 0.16565044643862947 5.0399953127767105 
0.10574744435049593 1.4394150703724755 3.3003019584045328 6.137360140111928 0.4329738322395612 
0.2375251588938726 3.4458330729420767 3.0055778991551034 1.513535681546467 1.7867931958754197 
0.15902459529161753 2.39878939026467 0.17690621776596763 4.049645891392983 6.368541506205903 
0.7580707919996026 0.13746826123775002 4.1907532869847595 4.3873981995382545 3.618744778869879 
0.18009511714566406 0.08069235962704042 3.8314832911512244 4.591819240387237 5.353036136398565 
1.4712892036463778 2.0841176437112274 0.30408245517656535 1.6656617705452392 4.706063651840314 
0.07595650241113212 0.1656409104173276 1.9073356936559493 7.538514746438453 1.863450974477693 
0.1779447251626847 1.949323100459536 5.120344275283515 1.5745649871237823 1.6236971002585412 
0.1172781231362876 1.3478584072357367 2.2106885459900707 2.176356596188812 8.401482151763476 
0.14544218232797884 2.3558951844776845 0.12893731003663372 2.0784835942149242 7.798630996515769 
1.6990060276085117 0.17922925106063772 2.7437781184226635 2.518078351172228 1.4853010475016724 
0.1850318402742942 1.6971619762372276 0.18762907504484314 7.20875375127693 1.8788996018851363 
0.14461404560088598 0.2543925823022538 4.983039201059811 1.9915747087123465 5.153450556070188 
0.18231355883249 2.4767192371284525 4.084871565873082 1.862185259895203 3.7405103030442755 
0.5431124579522282 2.77323654338345 2.121997576208735 0.20642910978627327 6.090784754308972 
1.8215401314229371 1.2173182768517288 0.11257581599719677 1.3148170721201295 3.4854561582001744 
1.2911190822541034 1.1398896939996084 0.12362568172837114 1.3788370506401941 7.443575729760013 
0.7326892728100979 1.443957665920474 0.10457684158435676 2.883875792505517 8.068785751132516 
0.11810387030462577 1.149909808762495 5.397305133085199 2.286772640357163 2.5454087800088527 
1.2992543565218668 0.18841672486831765 2.4227613784280067 5.1289337125497685 3.016644554070128 
1.6059902990505328 0.19731713760581887 3.1857607864730304 1.616676448449291 3.2315772945684844 
1.6789293116348178 1.2153691652377443 1.4471587947502467 3.607202566334865 0.15076255031532176 
1.3608679702255837 2.7815457984850114 0.27365848118433567 2.674812475706672 1.5011999515969583 
0.9724877529041163 1.5451949835748022 3.7207772475526593 4.101663133398337 2.578535747039956 
1.3393941926951516 1.2427629857928009 3.657605116833141 3.0184426270905 1.1403590160557553 
1.7827140179072825 0.10128321273824793 3.128982011515766 1.3644175857250116 0.09184286924591042 
0.32139808393184316 1.8418805399209193 4.0215801916652625 4.485511543027334 4.292257625627256 
1.034100290866324 0.2471596085029525 0.4113984662880261 3.6125046021864855 7.505883870229295 
0.4039597441124373 0.850290376227768 2.8385280495816594 4.5533513018909835 6.470950788334904 
0.950962176826896 0.22105893683353808 4.9441257391442806 3.8034187708934715 1.315774356376868 
0.9591747728011146 2.6133808172246953 2.4283407604203844 5.148260080623788 1.4095291065380604 
0.3845942612698354 2.217563486909263 1.9632917734342632 4.0401650482376 5.8506099822527045 
1.5961198296239125 1.8176890305864204 1.1507614781601492 4.283344837223557 1.7719246570852825 
1.0065711896306735 1.6595872614398195 2.9950529508076134 2.5741247386688557 6.334211367886585 
0.7714432988695614 1.2807478569355992 2.5816302249002696 3.591928101008012 7.388069831921414 
0.2091865607010751 3.4052080524126085 1.7976085610559127 0.3805973668806181 4.695611149022471 
0.16201665884197938 2.082995794525507 3.5673924830066572 1.475460285916836 6.053983638002972 
1.1432957450466248 1.1259582056040864 2.6988113319651625 5.745833281567366 1.3877688215705062 
0.36421360520280055 2.0304173570961748 4.485128416009017 4.684098127726557 1.4606631779620582 
1.050730171548203 1.740279290798048 4.537605118801721 0.9873100740928994 4.450256397641682 
0.18811555309020161 1.3822657135065126 3.9591823563631015 5.37540114827374 2.356625876504151 
0.22797123826900512 2.8646721008679625 1.7032319250553496 4.884024142946194 3.2518203678463538 
0.18978329360239105 3.6475480015161605 0.1760511663333905 3.457633231496593 0.2470464784500255 
0.7955771365395335 1.5150945411732342 2.326220824902084 5.653825438657237 3.6047609983603066 
0.04954720188999872 0.1499226675511776 2.0763989021155393 5.53354848138396 6.473130650535098 
1.3312325420969429 1.5552217532668817 4.058937855113279 0.23937567796456086 1.3834163327853437 
0.20077926796525242 3.8449716044360573 1.341641433322415 1.353345525978515 1.418384854581344 
0.1258020698911002 1.204670869313016 1.8032292432075863 7.002184423855558 2.891258201824765 
1.6362578306192395 1.486428732087544 0.12517134429123317 3.1919944757618035 3.216929164376523 
0.6445067572466742 1.2636197835115819 2.0040513761828196 0.13111537820528044 8.706619400182754 
1.6716264714027766 1.351840152672371 2.520557479871508 2.5692358846818752 0.107764684935175 
0.12713395042984876 2.226824680635669 2.2785879790980097 2.3025817661943355 6.948864085822183 
1.0627255661770283 2.085545817645992 0.14268813826322652 0.08792075508532447 7.176859488419097 
1.4510384672859467 2.7502039574508146 1.4932742256376519 1.344070706279901 1.354753973912932 
0.1930847287811354 3.7935770448184276 1.3368555649868006 0.16885075398131846 2.6431378220623842 
0.17146664097619377 2.0216703181192397 0.11947071810442109 6.15838688136333 4.057335792179682 
1.4031356750787018 1.4583058278898011 3.9649742671128894 1.3736437478086756 0.13911663773742683 
0.20309873129871117 3.570830688363543 1.5647806670841535 1.6284245653458678 3.450134220609077 
0.04762139326801917 0.20572934897517495 2.6915269698894706 0.20295118464715609 9.00016745379319 
1.7759600742157067 1.7169483131743453 1.4965556276771277 0.1290461238564181 1.6306011882565632 
1.7916337993249396 1.761858804717658 0.6400607316186778 1.20785131820117 1.5766560157911294 
0.20731009327304387 1.7097074675817723 5.037013280668949 3.0178773409185182 0.2134009521948939 
0.11662585156489808 1.336596509445664 5.642507465044925 1.4597231408830207 0.07361099353336202 
0.21724938725462994 3.14739770315891 3.051784934689501 3.2744879612487217 0.2083493394044854 
1.3135318679131363 2.599659886942218 0.1204075248046248 3.737514228791023 0.09768463264033198 
1.409043828857343 2.4894630446838306 2.411962820375336 1.264374143359979 0.1079803131186467 
0.2252522131715264 0.0687934595316614 5.894426192921209 1.5090833081518635 1.3866905188573315 
0.1602645867379529 2.034386052389784 2.0981637617914375 6.281839197893485 2.0589189236375036 
0.12172434244518097 1.5312860720474877 5.55870892309386 0.0955662678609599 1.4554870972973448 
0.387295895574361 3.2566807230931376 0.08986052739767736 4.644684588953499 1.5390171004857875 
0.26274645382253353 3.4154988221365725 1.9448514774296484 3.6867587775048007 1.6707344846127914 
0.24991607961012877 3.8521302780723836 0.26132192183983427 2.2387486068402636 1.203809096933625 
0.1942790555215114 3.683222043956982 2.422837563759933 0.11832114171466576 1.2235425596308438 
1.6154125241648525 0.16035335928814998 1.5320758468748106 4.544199815637599 1.4166618498322345 
1.5269207524968382 0.0846142894928488 3.9266559216041608 1.2222276627544815 1.4336315581090069 
1.636889554963576 1.4367880808672087 1.6316662719709523 2.9141248926710714 1.5266536337395258 
1.664477682586676 1.5868264531933405 2.852871882283074 1.3086560070061144 1.4330919681010268 
1.375498231801534 2.769331616185215 2.407448936699729 0.12280747007588368 1.197160164388384 
1.1255213187205821 3.371129402450678 0.08359751065890322 1.1207352661574426 1.1172305591868192 
1.2147248577984902 3.3399934939960616 1.0482948062300732 0.10745282128327423 1.1183065176337548 
1.9453978781700374 0.0743662412028126 0.06229097197600059 2.6407447967619126 0.9614642844096745 
0.28773015575645594 0.10449335870734501 5.533802562593786 1.829413695829398 3.655784371007403 
0.19924502897696383 2.351592055192275 2.3769148369852866 4.5796921723027015 4.664396473215294 
0.1993434255026208 3.857614264535272 0.1680403547068801 1.2199769507258105 2.548164454950069 
1.7372627192801804 1.5534229058425013 1.618879702125186 1.5417186482066785 3.0140230583256806 
1.5946609794060917 1.4842809549291085 3.0164347725603697 0.10495139804557876 2.510973234108844 
1.4310201088962655 2.7498650442816697 0.07518735153299066 1.463790256527427 2.5840781946827733 
1.7250615851691133 0.11816679768049493 0.0888402516519094 2.880724934222138 4.528595969306749 
1.8181169005930113 0.15217007807732028 1.480641742658454 1.4550048043130075 4.111914620662638 
1.720715482060633 0.11282934204978733 2.625506587368603 0.29213228922583173 3.6631021449502565 
1.6995871271374103 1.6125322899255734 1.416008417570965 0.25919324930916404 4.9585899221361105 
1.2918262269032506 2.708660163804286 0.16808384014983907 0.13407082504381893 4.109485649343795 
0.2731368410278098 3.1187720958123237 0.104708014378414 0.08220298234434041 6.46687973893633 
1.7089113249572103 0.0901343737928022 0.06945766466000068 1.3210116946806698 5.426463940294426 
0.28591855869143146 3.397472102234984 0.1319670392119301 3.407549593093777 3.4644143384166215 
0.08504994155944094 2.9469996992165695 4.152040208569998 0.1092200273680562 1.306199180756876 
0.2159820494930096 2.7809082078901817 4.333777533551061 1.554913415173853 0.07594591657241904 
1.4991309386502698 0.06764689255587479 0.04753709185685106 0.08650439533083483 6.873855989757085 
2.023410994937516 0.03384648458090504 0.07800929724167308 0.03026833078042616 0.047351381480896265 
1.9321645082845424 0.031572538882575815 1.2824084577116373 0.12483943832499435 2.198930306142535 
1.8713948741053297 0.06025022743579088 0.11508704142394512 2.2865469897349815 3.0507812190118635 
1.4106250862209206 0.022137598879035252 0.03891973954037688 2.330188741919033 6.5758136346145 
1.5110982892145728 1.5097976987674366 2.2608046419835808 2.673188259014221 3.6267802783586887 
1.6363590114425806 2.180635070675112 1.463744060253 0.02470538198417712 0.09919277889527148 
1.2152295544271463 0.05892373368792102 3.505739386572307 0.11939898951281082 5.749630578725828 
1.2357006882932764 0.0334403525705613 0.06625581084529972 4.7685610277437185 5.392577189007542 
0.6425090319634099 0.06236818250680322 3.927734252603173 2.2695162434512017 6.457834907653282 
1.4044952771016332 0.07906965255456734 4.010749358449535 2.649067348067772 0.05477962543695021 
1.457398702200954 0.06697559260497193 4.263383817593635 0.07121391347857263 0.06460996932199065 
0.05334506501308571 0.16679506027923086 2.4720309399619955 6.590983763696521 4.093178224948456 
0.514822409177661 0.06795990136860132 4.9822310153915135 4.281926730718466 0.1211479594971344 
0.2375264839090788 0.07268870094706525 5.030866554698265 0.13031801521070796 5.554352731098491 
0.08821530453374121 3.651322607989967 2.5172291123926853 0.9159659258248852 0.08672019594728633 
0.03681682433242411 0.04026274634143217 0.10579290053614802 7.442003472679157 3.818175379292233 
0.6561360194194231 2.5424371952344664 3.9863992617745807 0.1611236376620769 3.266383375717448 
0.10315422444253444 0.051627005014512985 1.826254682719185 4.243873774023974 7.992104350794125 
1.6661527088906727 1.0992707446504286 3.13120097796096 0.12196902533062735 0.12151769203445603 
1.931396295061842 0.056960697147734274 1.43753101596554 1.7952385924295773 0.12329921270146818 
1.8354829398659749 0.03193067254193473 0.03970931851337603 0.045855142735007744 4.32097445328542 
0.6587314352517811 1.3359004155723162 0.14216033128474545 5.119378836860518 6.398420740912115 
0.11534091655263916 1.8784731724305292 0.057972916871395136 7.128723624134345 0.09555846272226945 
0.7176198173705686 1.377716488276334 3.8203604941409046 0.06208455240521218 6.222295951805203 
1.6511931528285615 2.1726023951906264 0.11888971822082932 2.1173924105797193 0.09546410483536914 
0.056954280332481344 0.2678233782800415 4.3998721266234915 5.495672827179139 0.11642419743685056 
1.1733486964393 0.05272929382187553 1.711380061347214 6.257955678920455 0.1737191195331191 
0.7678194488506236 2.9113447491983417 2.3942712248990956 2.807487591384599 3.1775446029847005 
0.5584730778670821 0.08136877815971319 0.12622200398323477 6.5336376215843295 5.188895272786088 
0.4397695226896881 0.03405424859664069 5.7439993629880455 1.8297496413287218 0.08064242343147225 
1.929758346887479 0.8704365824155638 1.4268777929396808 0.08866617588176347 0.08269742767361471 
0.07328611588564342 3.9862720244328136 0.13650660333892778 0.3186204375677119 1.4978276036687874 
0.5261169724386955 1.1665279612825272 5.319851536820243 0.046922250276005995 2.7788750954105033 
1.2424064981696377 0.1323347238348935 4.372727979894728 2.445936586025807 3.341750028608954 
0.20978927819853926 3.8239788570804194 1.4289163193126717 1.8593655241920484 0.0961447489417332 
1.9706219848886617 0.8520095971588664 0.08569356294504486 0.246837623420886 2.6716603611116883 
0.12852082261918757 2.246378969950469 1.9257320077389026 0.05839007367080257 7.75379059027979 
0.18768218936924352 3.2903493679263573 1.6139185571335477 4.261216885308728 0.11831086276079594 
0.4667616043712774 0.07464532023610956 1.358244888939224 0.04461793287859987 9.530645043703949 
1.295462511280148 2.676539219140052 1.7777095120895816 0.3999026627543155 3.434512351350701 
0.09395478314395174 0.09608490539016659 0.08039737084386993 8.000113296240757 1.4853263542033468 
1.6687397622025526 0.04174755652802045 0.05117276173317957 4.204565026693777 2.5012180048061485 
1.3136958449951113 2.7138346516518737 1.7882637339044076 2.6907124317052826 0.1563993916549018 
0.07398633727236227 0.035755226511523346 1.5751538356328765 1.893382986103182 9.411209112230559 
1.7835603326326286 0.08406973926329735 1.7175344268920374 2.7944605050763083 2.6744203957667727 
0.06862575615426439 0.19644520450509367 2.8018568429070823 7.159846811117988 0.08135286421887189 
1.4713698065263463 0.038244224612023994 0.11860644068616345 5.577778859171127 0.0375861212819419 
0.07215528722330306 0.22500890793487796 3.304584071796369 6.418707415444959 2.695246369363485 
1.1056849741359933 3.2660778758920403 0.07344364885873145 0.12835459885019534 2.6574880364513866 
1.1788568878004257 0.04296471358873068 3.6313860417346477 4.495532454430757 0.15635334634505052 
0.13313247011144538 0.045979168846233265 0.10352416242163359 5.6202704452123875 7.154419658832456 
0.05889829357915097 0.12258076037529554 5.57838954542683 3.163746873758873 0.4736864320799753 
1.149496786886865 0.049751474376430446 1.6670981632237105 0.26682706869218004 7.847747290908748 
0.0900399107976454 1.3351651393629453 3.3716148372358656 0.13560612803951666 7.6921713789357415 
0.4951907972821785 0.05573000508371466 5.767492062316023 0.12809764754878913 2.0611420210431146 
1.0917864742772938 0.05780103190554191 0.05455650104158738 6.498094010708361 2.668399535978709 
0.05220886756334665 0.13574599097306572 1.6401590764910932 6.547145658818922 5.235241948597699 
0.1846403810017927 2.507158636172277 3.602440449548542 4.374309910827287 0.22883116150128008 
1.1445484651127564 2.4616165645644568 3.799146244890996 0.12060155701347877 0.13682509627050687 
1.0213831778843334 1.3117749976592477 4.9280057466779805 0.05589354141222673 0.12720166062373564 
0.07785628306248962 0.9786088839511504 0.10015992648954092 1.914532990516793 9.533142541559926 
0.18841443161290122 3.399533709348415 0.12282408554586194 2.0990375247191495 4.806138412967007 
0.08898896811097778 3.650687905640643 0.2213652003137349 0.08838399302384566 4.525444131180083 
0.6150034138581866 2.752826086942957 0.3301791573529503 2.3750677289904534 6.4242381632065415 
0.11461676848607472 0.04438882160974786 4.99623717307642 4.106271407375609 2.488812341397596 
1.6049041368747277 0.06842576343971743 1.6746397292801474 0.12067886419463422 5.829671976925129 
1.0952023308770882 0.1138451160988964 0.11036831902444777 2.1723580998916163 8.169857044154405 
1.2955742320571122 1.4663035445729735 1.9091969025909798 0.22004505652980694 6.564079490594734 
0.17986029897108488 3.950820457599765 1.0778326023932239 0.12574817064699675 0.09450583121841903 
1.6333255277322811 1.112402107329518 0.08941861986865265 0.08962249096380884 5.765453492334699 
0.06652165455339157 0.020583076054999615 1.2508796742664212 7.846555619536403 0.02606870089142299 
0.12509864337183532 0.19171228758074732 3.30441609852157 2.3328170508624826 7.98179753425235 
1.209879157314965 2.4565519381452487 0.10581370334201012 0.07098848789515907 5.70565548921335 
1.095326183215802 1.1625098707492416 0.09517812252837587 0.08072747869363871 8.168203179103921 
0.12986405640332863 2.150111652074168 1.8146336023898653 6.4120249220815575 0.12924959754614512 
0.9323247657446718 0.047557990421265364 0.048076459586673365 0.07291575428683393 8.99570414651238 
0.09144297328844611 0.9903012023882972 0.1096635835723947 4.494556400889351 8.02892320816638 
0.1619206481213716 2.8573865210674403 1.8832313278506345 2.353475992156381 5.746034832422929 
0.06990700568134546 0.05936396276503052 0.06625917087699963 3.651037070331891 8.993271165029588 
0.04925298565198525 0.2800145171010566 4.357431983631597 0.13025434310061018 6.95600697629851 
0.6112062690150705 2.6008956481772567 0.04516101033958375 5.178159704454088 3.155612286471259 
0.11412685272902322 1.8582082622755365 0.08930011050846455 0.05989707685661516 8.945031985805498 
1.7981899137873112 1.9068728655004588 0.10691010204855866 0.044348733561879045 0.06311007918256378 
1.2771856499000744 1.4289610341449688 0.04881349511383961 2.4947623641206067 6.448105725501102 
1.8083099404053231 0.11344351652695436 0.08946284887284434 3.9473466444449223 0.06821259002960324 
0.04741994189193434 0.3145106061905877 5.473891883931798 0.100989357608841 4.172884490214604 
1.2871558840007558 1.4853868967839814 2.097703720978517 5.195014832194006 0.18418056695162904 
0.091987467562799 2.9640688558093324 0.09615273984618578 5.5693595608933375 0.2635837391910029 
0.021255372193777943 0.03621574728003911 0.14291693188392623 1.8941103971452307 9.738773128453756 
1.8668117092043903 0.02130863281467471 0.04150040149901833 3.075949539096415 0.019785621496685658 
0.02903279268374123 0.04041161183335613 0.020801454321732464 0.65974781212526 9.986233653297612 
0.3737867098837598 3.8660918690868433 0.07541093597364121 0.02307074857262789 2.1377210206662216 
0.09957138153219233 0.09463251274621574 0.0320216005978348 0.03197520986467847 10.024572335141118 
0.16542253359672143 0.250839764187741 0.03792639629583955 0.03454085284236367 9.993250797209418 
0.4945494973158617 3.4871344718766863 0.03369768172475197 0.038496024899168695 4.514650380957253 
0.037450732944949695 0.027160253738080193 0.4944818569168755 0.026135310376779707 9.99435234381735 
1.7202743462418462 0.03247367103039718 0.05283298413514646 0.036930407501301075 5.396555134101572 
0.19014929708806555 0.034627137129795475 0.03497157233501507 0.03858716011283846 10.002412734912816 
0.4130237548807317 0.031410557993774645 0.03386991370435667 0.03981851306145344 9.838697977534121 
0.02988106086751747 0.03575500726449278 0.019586630074935704 0.6589856062009037 9.98535592183495 
0.03809801349453351 0.025951956754781604 0.49508959796393825 0.026646406717606545 9.994959980440939 
0.03723490499438924 0.025646372825913078 0.4942280285641711 0.027503156161410774 9.99410191870973 
0.029530513249980954 0.023736238209876342 0.02512560129309396 0.643566428395979 9.987001905566899 
0.037371559149442145 0.02535063367917712 0.49434070007008146 0.03141919075562886 9.99423471822569 
0.051211323026859955 0.02216741845337074 1.1704989573051456 0.03873076614904811 9.834663280181326 
0.06482053588436942 0.08343951181089304 0.03630287875221719 0.036982235237238585 10.03380939676703 
0.048196955334780536 0.04158488729647655 0.05143236627832929 0.045963658484931044 10.041275184802593 
0.03356836861433878 0.035180550731116866 0.04875326664192168 0.04710028304111549 10.033451276171174 
0.03435174941442546 0.03346796630393345 0.023676375731688702 0.6813043967026611 9.985317640520408 
0.03721387967788174 0.025676919249091865 0.494207889934431 0.02744253856773167 9.994081657282646 
0.028336947514916257 0.055191130010965886 0.5717446799385693 0.02918304387114541 9.985101223392162 
0.028763924231511296 0.02342546913827337 0.03366897107932518 0.6436991086633111 9.987134585834232 
0.028177279708403953 0.054888864305252257 0.5718017125244599 0.029409538989400272 9.984757673464964 
0.02790063163936469 0.06081674345831099 0.025341830653968545 0.6487716035805616 9.994410035572589 
0.025431547678278744 0.026713084005999244 0.10573314816300412 1.4062229411579068 9.872357912499393 
0.028336360837151704 0.05518089121371561 0.571746029613247 0.02918323630274989 9.985101203546723 
0.027279641476856156 0.039271300898318845 0.032991600038082436 0.646230662567973 9.989666139738894 
0.02581064361119831 0.027101016278217798 0.10634491427325231 1.4105694523872343 9.87185772738221 
0.02361011395748701 0.06157383803810866 0.7775854564412448 0.05354532736878484 9.941883681248912 
1.929700006795868 0.8054147450202152 1.4739297047688231 0.028075818515435228 0.030724974510329805 
2.023825479994201 0.048359081009790625 0.07768281460803458 0.029747168430694637 0.04665437660370296 
1.8466424904842709 1.713454342599748 0.04205369526838445 0.04576147213023436 0.05777843980520872 
1.8432431553694157 1.7303920893399953 0.03880166262378177 0.05482785314119884 0.05273513228457516 
1.4739344876251994 0.030050644216650862 0.0277045468638351 5.503793461860267 0.05178921350126234 
2.023464393012859 0.03671840582887795 0.07791250682263928 0.030132602404483858 0.04718048322926273 
2.0239822655038218 0.05133712949742284 0.07769439670176007 0.029719817600618918 0.046591859321913454 
2.051743918998797 0.06333342606220241 0.05320550113661315 0.05400188502188321 0.05955317844690377 
2.0320103860834373 0.03878361124837125 0.047963182647171414 0.058159149110546766 0.041296302502129595 
2.02370302035208 0.04541590317163241 0.07770655447254811 0.029809842225182844 0.04675221753408683 
1.8657073251348621 0.01904751419375078 0.03884260941730559 3.07306925076425 0.022516511157955273 
0.05254784922167268 0.49024501986483726 5.995308270952702 0.04209216835805982 0.05594896449526603 
0.19242354848701046 4.022404201677691 0.14980319289083693 0.07867095145986455 0.0678882134024195 
0.18005285988143205 4.025407327188344 0.08785325323023996 0.0882928915196263 0.07003581509626822 
0.09363715653528198 4.034936307930884 0.05634410356356706 0.1722749325491893 0.058650287175121385 
0.04835768042196965 0.0538688850365883 0.04180193637005237 8.04041909155177 0.08346254367851305 
0.07108256976144312 0.17367586422553738 6.046293410513779 0.06892974088558862 0.18627940482896954 
1.7757062351310102 1.7083123582496447 1.6332743150235487 0.615766583562591 0.26985106359794553 
0.1970225538047583 0.06640425546257579 6.0203302637835385 0.07001070734630307 0.17243048206802916 
1.8838364260394012 0.766607419525275 1.6618328609354343 1.870439825276889 0.3854193076570159 
0.04087540018229305 0.026551119942551986 0.5873110819790822 7.9908666686670715 0.03820012822036739 
0.1512145080551498 4.029442038389562 0.07730088806848825 0.11626302900357625 0.06618517327041465 
1.296131709686843 2.6491994946767927 2.6212423847029527 0.17088465282393706 0.29471383917508165 
0.048357719238987844 0.0538689514193576 0.04180194239677852 8.040459104782926 0.06952997818661484 
0.1316660867064883 0.04426579780262879 6.034720002903542 0.052502419909680055 0.2235431910340161 
0.047551619132488815 0.5144787489211261 5.979954422324146 0.02758018090210696 0.1074353570982478 
0.041615581632409616 0.05171932618662346 0.6325596748386192 7.9893306529515495 0.04699324725801038 
0.047465603652624436 0.5144309512963365 5.979857316590192 0.027750092857906646 0.10775108119191647 
0.04331342451737048 0.4498682290842116 0.10898584808262976 7.9794808846727445 0.04004632234169908 
0.029657761782878475 0.05472300261367506 0.2941169375176902 8.020296446061353 0.08564050457550632 
1.4717020444058182 0.03255590066568624 0.03168246507176262 5.507269817014781 0.03245865077594949 
2.0247748396554925 0.06342017162038042 0.07791610884546017 0.029785808106383076 0.04651719085663783 
0.12242294972952941 4.032634725291592 0.06681389938045405 0.1442733062972131 0.06240619647704737 
0.19967847699328592 0.06805215640812465 6.0246258890669395 0.0925293154824189 0.06848420227614857 
0.19988516120217378 0.06755648784591177 6.0248098153942165 0.09166046357245272 0.06933207244188941 
0.05252557315866597 0.02850271972049667 0.8618500797052062 7.949563565162081 0.03504837961138588 
0.1520996290001516 0.26871719199560473 6.02307323038259 0.22305068140929038 0.05558754452547293 
0.04654369004446583 0.029387745542522603 0.7016111459239313 7.978133268014641 0.04396341370345444 
0.0519924183320567 0.4901902057387255 5.994628210844448 0.04667845979070926 0.06147809086616004 
0.032633362955836416 0.05856857510761854 0.5521275468835163 8.00098548959524 0.03614041911560715 
0.03876414774250873 0.06712354741853017 0.6139105410976992 7.9996875800672615 0.0549274415013632 
1.9281764640684904 0.8211053037201124 1.474505628383848 0.028787324069373305 0.03154420069578432 
1.4725583228726884 0.033355254537816216 0.03578509795992282 5.5032685592826 0.027766895579016015 
0.10760342974656997 1.5587982777275615 5.575352869168124 0.06704809222105715 0.04340288236460489 
0.07728507639160742 0.3474520153901086 0.06460949414398301 8.017354968448743 0.043828960482413644 
0.05729496907770902 0.02193484886309568 1.0835195216935596 7.893067057721974 0.032411030673122176 
0.057486026567761264 0.35803489449616327 6.026511487510156 0.10483413967082894 0.0506558367938603 
0.0603386471856688 0.3960401935485632 0.0807488998769731 7.996746011468781 0.03911474837242849 
1.473496469877161 0.03424046595050417 0.0399773626512751 5.499348915927535 0.02315819592518724 
0.06179079016633855 0.021135026956682696 1.1697874210447274 7.869852962440666 0.029115678863344176 
0.05503931302764035 0.025041028071643365 0.992379630719431 7.918333024686051 0.037460637216525074 
0.12126479440209433 0.3145447530768426 6.094819491387167 0.27091096004739945 0.12893408206321344 
0.08301549861955879 0.021106360281264266 1.4728994647370086 7.776715900461999 0.0193785653494298 
0.09104685327487327 4.061001677411168 0.23859656784980005 0.09037253357302104 0.713282214675721 
0.27819816070102155 0.4598318690839346 0.5663762754389942 3.3647258111537552 9.198869723195733 
0.8686408367915159 0.15844109156074176 2.4863621538044267 6.799944143467876 0.6333387641719541 
1.7347864325434834 1.5831442503754176 1.5593825828003318 1.4123506402245756 3.1263340826471886 
0.35323624053293196 1.5637110764204392 4.812819964001237 3.5334741191656778 0.8047865478330076 
1.9206445452472987 0.9627507423215859 0.9997892956372822 1.1182752956646027 1.1117278199093972 
0.2388548179459103 0.907875701780213 0.46652771381916386 5.856523211405547 6.751622245127857 
1.4865242492633357 2.550140946424246 0.7638834673014617 0.1664964373770771 3.219734851014392 
1.3597910196370424 0.06762139112115308 4.0206469943786525 1.2414692420143394 3.093247807841315 
0.7328879246857323 2.9330311274856453 0.7178778875202072 3.24684721430466 4.990545375183057 
0.08252374140402756 0.5408844929867244 4.047931787404839 5.907647303960868 0.9341759314036645 
0.2840607043102542 2.585010216978044 3.6749936191852703 0.8755353570818066 5.130523291248378 
0.0849670520925433 0.4434776071249218 2.678513631994343 6.868837805222694 2.7061160645098385 
1.8719152776281711 1.5750636215744611 0.2305312560568754 0.7958406276281569 1.192859032610496 
0.6419532793997008 3.7108088671245367 1.7111592717547504 0.6054606687900631 0.8976967711997876 
1.3424157560711985 0.37534486073733764 0.412249759238002 6.057587827815208 0.5266840807454553 
1.569330391760932 0.13376821243909318 3.8226891887256733 1.1565214380843616 1.2467046236655568 
0.4542597093387519 0.5729170912719379 1.4547456201688478 6.196853993936786 6.516429661027425 
0.9928026535071981 2.093228740911228 3.479723631616173 4.057449239016391 1.3286011531815272 
0.24791696351306636 3.9987917103009245 0.8291468616745269 0.7795830884361977 0.07075330787448249 
1.7550963878340229 2.4063475576304665 0.9052702474799142 0.14449878398343205 0.14334071231749457 
0.49261716972834474 0.03303889565399498 0.5923897602837762 4.8744151507837685 7.583363252545306 
0.27093096563190355 1.950054216705214 4.200576021894705 4.962156520731802 1.0052531781307228 
0.5791938171603125 3.764060658101264 0.7150286961869761 2.0805662400970157 2.3179352014841452 
0.8336781894980182 3.042839767581923 1.0834500736403438 2.9517880931860043 4.374013605847154 
1.9320140841709805 0.897480073070124 0.9406585446269992 1.010230156871255 0.9735460590916633 
2.0045652242403067 0.5664580422664379 0.6375132556837918 0.041982201670431436 0.6190424057141618 
0.7549654865896852 1.6871026588957991 2.2945229353353236 5.544515268466128 3.4080078511303493 
0.10779600399128955 0.39360623609433026 4.028805192187807 5.801533687433805 2.2917214031929634 
0.8965869575384334 0.4369647610986804 5.207183618019496 0.29838736831126245 3.741204149240179 
0.1839985611890197 2.3111713447295426 4.205829089757697 2.048322118411763 3.974634788193139 
0.1562793064255597 0.9293131691043255 0.2818975900488495 4.310005200679294 8.37846467090854 
0.6024805097205322 3.0050592104935028 0.1997127057747674 1.7662160869316976 6.191812884055325 
1.1766272930806214 1.9847155569492894 3.0536376428039635 3.550310160435405 0.40750289767407866 
0.9344505561976065 0.3226803299796992 2.7500560273172603 6.124129628135424 2.142772212501697 
0.4483951820008724 0.7081753732846802 0.3734935926929136 0.9886897431953738 9.716509140277767 
1.333774416056027 2.644528987702001 1.8748863983138513 0.5031855174792933 2.996873944310535 
0.19861519350419626 2.0839557796665837 4.169143199519844 4.0111569697541585 2.4703212289183694 
0.803527057177472 3.0882067242875317 2.300641903704783 2.734922889898039 3.060748894473245 
2.00094377385231 0.6222113778367415 0.44248633887305294 0.8447553840422467 0.5261833789975152 
1.5666780008913488 1.464698715491777 0.16520304815838754 4.3734836674669015 1.5762483447467293 
1.1114783967466977 0.20065680577865308 4.720379100019171 2.9696906729035284 2.3098598718771135 
0.3038407166469045 0.7025974055903701 1.414549299905414 6.135420893445064 6.564329532995963 
0.8376500644098274 3.1181852155183165 2.5331628876256134 2.492315992847623 2.0282598994920997 
0.18752581739982913 3.640086624438922 0.17041904140029682 3.4799646898521304 0.18231391610292413 
0.718395923228378 1.3375316187404767 4.614174952150666 2.8387990321633834 3.362921024653593 
0.20454102311811073 3.576399599666644 1.6537960304128978 1.5483882068513781 3.36423771693298 
0.09308167580267215 0.6605441141718308 5.125191307877607 0.5805499247082052 5.181812578999824 
0.6975369058282268 1.3049596509049732 4.482926860130421 2.9512764599704076 3.5558219755746525 
1.3938563413704748 0.04325996641708548 4.4581849242340645 0.10222079748298796 0.050344072022532674 
0.437170395262981 3.1750999884090914 0.34193326235365856 1.9224424101369977 5.480835646391845 
0.41711584425560966 2.6844873960992137 4.440955412949106 0.45500799988494 0.6591055357591619 
0.23528417259146128 2.708787366034108 2.022520280286427 4.9115741377047275 3.3140549401419 
1.551649777436327 1.5042046932759068 0.14072277304371664 0.0669573451192708 5.6921965026817 
0.7142513838024243 1.3740976639979647 2.2778776124767837 5.965373196159863 3.482714525776232 
0.8236505522346131 0.6610463392701063 2.3257024918452367 6.252455789975715 3.933506991308768 
1.131867784154639 2.1159804477974196 3.2551770088959913 3.4169623917447822 0.75438569098191 
0.08047498912317098 0.3377224549937881 5.238181194905569 0.11242584305387643 5.081462741985364 
0.22229183077572268 1.9007289035018253 2.9085708265067027 4.079842436384119 5.997865986930004 
0.2565575771141085 2.6922811461782157 2.913114606606277 1.7430947440894173 5.641111099320235 
0.9604754543113094 1.768481313370982 3.86816865127571 0.3099580181261074 4.53592956030565 
0.39005374904028617 0.7185705492894323 5.660754899821302 0.995463476236275 2.485532920386099 
0.2449952649943841 2.2354209734480937 4.249316515007053 2.039109324934741 3.9658576939926222 
0.05387889685229599 0.2802956726281772 3.2612805898864514 0.07031812686276227 8.460931580908357 
1.6911071690248158 0.05198128490728522 0.2907292759911547 0.1602671912929241 5.586828413393596 
0.7700867390310211 1.5086139634739022 2.361738481271161 2.9094444845855802 7.050405719998223 
1.6682390437365935 1.116514717186723 1.2696380700680352 3.8479674192441045 0.1626714124156768 
1.1111289280874124 0.05495741093274256 0.0947508163107087 1.5917345040780584 8.232954104627947 
0.6119188940109106 3.2145613096933148 1.239048616041542 3.342027706787589 3.8295987878097706 
0.8212197343322515 1.7398954874072075 2.2272608003334047 4.633122207173723 5.088304434353612 
0.09361659321150317 0.2436038802793132 3.703557799143922 4.612823035209334 5.483605017667648 
0.8405971079288059 1.0466706926068896 5.2963197444733945 0.2900867150233674 0.14805945904069412 
0.7230225046216006 1.4209412830317572 2.2029612714288707 2.7523896308217 7.288398650154668 
0.07019808939127312 0.811788525321782 5.776994313832195 0.060156730999478186 2.2305673413464286 
0.8050257660186964 1.6179531570080798 4.9445569120096104 2.1472695248298956 0.11649526992762814 
0.20305009009271363 0.08123373183092589 3.8826584486020073 6.0449942839627 1.9900111420207012 
1.058257700169687 3.2387143396799267 2.3407934855382715 0.34904306554018305 0.46382435758306134 
0.16910930274316505 1.0670480893896162 5.065444577267079 0.21867967658743623 4.8528126108999325 
0.6178870384866868 2.734269963740144 2.1480025246588395 0.22756054618433735 6.121470426380664 
1.374730421627687 1.3798292251053907 0.10128857071001499 5.4543402946005966 0.16643678549710592 
0.2233998067423279 2.8301798819410093 2.044423575146063 5.084212208697696 0.051137799205752045 
0.8560953580854114 0.98583977317372 5.328693657625655 0.435477858438231 0.317416554436505 
0.3253734571497888 3.9276986945068297 1.1815696902696269 0.10774895401756915 0.14802501663566367 
0.4565573242656847 2.646584802246298 0.8697212822803551 3.9301904398867786 5.477300776578255 
1.459353623608172 2.902990719070442 0.07523608809872576 0.11442043832087902 0.06013797417901365 
0.047537554652436254 0.0646905529817941 1.1215262603635505 7.660621597905259 2.3849387954820127 
0.7208674691060039 1.4011426099476207 2.172939231152336 2.780699832443398 7.338023779631181 
0.1049300456875003 1.1599842761720947 1.8489671278468387 6.95331780321296 3.01200597977003 
0.14218998320082216 1.436874671181135 3.9245219370951077 2.740463362354577 5.994924686551119 
1.5944531232198809 1.5652447411516157 1.4092455196363243 3.2998660088255893 3.2482183543912018 
0.5960753479930765 3.524551788538006 1.7550724883582094 0.12904276832544348 2.9100767253657565 
0.15199028174863236 2.1901891132895175 3.389357496583556 2.14909868879289 5.920164242211646 
0.14041933068540588 2.255443497886165 2.3180861486849738 2.348875579345829 6.887405440599077 
0.17060465109670636 1.4816924673210103 4.640092802000103 3.9180352727585226 2.110598326105125 
1.7632406048796974 1.30278765944502 0.19397751611933986 2.604903724984362 3.040841817963771 
0.1919002196482592 2.2812000971705757 2.2515955735741455 2.352857406869697 6.820068125296578 
0.32445170900909687 2.724335556254982 4.310800410839778 1.6602092839562974 0.12144530152182334 
0.06623799385697356 0.43343477837990363 2.7042346678350446 7.169628195415744 0.13660193937815093 
0.1992670406686155 2.507920591919611 1.9758786534818291 5.171274633017092 3.4803568612567495 
0.2113416828524979 0.09305964977288021 4.519071022116167 4.150502711385142 4.425897754325469 
1.6248163525203219 1.547589302595618 0.1810224296543462 1.526778670905252 4.547495099869282 
0.13015854433272217 2.19077957956201 4.896161705726201 1.9504793974948607 0.10329081910608161 
1.4398279178679108 1.4708305170269913 2.4343699031279984 3.0260022686880954 3.334888802232957 
1.2987735871238966 0.17623501970407027 2.1126417166852596 2.5211081127285078 6.638775892869672 
1.203797684823418 0.7742347235415156 2.110399845856893 5.9661538691367495 2.094030524836072 
1.1300936426590455 3.467806398357819 0.10573839681325961 0.10354274878308806 0.7457433184037424 
0.29105674958875477 0.13019181991908002 5.687620265612165 2.72550613410632 0.2569681186233742 
0.1555187327345693 2.625110150942468 3.7833124071470112 2.749575054818245 2.8751797964095056 
0.7797768559116409 1.4844050409150285 1.9712769490459439 2.80452507837733 7.365710648141228 
0.5716283907327908 0.06858720837239399 1.690283607502424 2.2568926271779852 8.872799909711274 
0.6664348275045089 2.7619592261501515 0.14422551982788215 5.389455555225235 0.15949500204606723 
0.09241418576237352 1.0225221748180615 3.4202372997798034 6.324835009261167 0.07328234628342793 
0.7228387515533866 1.4835962288106996 2.1812550148565446 5.687446259121534 3.6755772910975284 
0.04973714684944673 0.13744227344654045 1.799963174530859 7.362897904683547 2.8251624971715086 
0.6910941064564053 3.5216874007195456 2.131487404378314 1.099273845514081 2.207078750714233 
0.21601059000690687 3.2257371317458263 3.3507828249514935 2.4247900387064028 0.42308121005820193 
1.195084347888891 3.289323400507495 1.1994634105525095 1.0628477153380698 0.08499483416098247 
0.5058059369296765 3.9095995893916147 0.11684335537181756 1.6790864950899156 0.1365526033124888 
0.07593921153854105 0.16561849907266502 1.9073296975380951 7.537875889595165 1.8674293575037062 
0.4700014501270008 0.8801911230553549 0.059019696970518176 0.04435273677838062 9.566785798090995 
1.3815093437773245 2.7652666277660405 1.6080227369412716 0.18572800762997932 0.31082499431848304 
1.1894047999886812 1.1607925495958056 2.803885617086052 2.984051935110171 5.359463705802554 
1.3002655553181066 1.318187661979346 0.11270179154469884 5.309537736889596 3.3389430077978317 
0.15551911773875998 1.923392524182925 3.9269125134997793 0.06787767459501443 6.078308296923995 
0.08117084108298554 0.06794360210398484 0.06859892906477155 7.278128794775692 4.398943016022903 
0.057748851795572646 0.32864750970304124 5.5510568792176525 2.2392009159355273 2.7996668821890656 
0.7681161109552599 2.848195238063254 0.1863647327497528 5.023844701635805 0.06481117218329763 
1.843176773131096 1.7303298440177337 0.03880142794835159 0.10404084110258367 0.05501603348028728 
0.057365736279853315 0.14545417906201225 1.8089406114129174 2.4126220930539897 9.143402297511996 
0.10769394120527076 0.9450179338713005 5.711270569317275 0.46153542801009917 2.401911442751955 
0.2528224880505324 0.12274688510472294 4.782189992559455 4.914309887122204 0.08701508341657843 
0.15615528190005118 2.8140031204983993 0.04720137232079506 0.06737311140926619 7.2399615577026575 
1.607330128741077 1.1395927384449702 2.480921628977673 3.260603320413211 2.2010606615599047 
1.646959505009852 0.0664454136603277 3.1966669703212407 0.05159299333100025 2.6972289258305624 
0.6338968517727894 2.648022057941694 3.960745703021219 0.12196224738669623 2.980482853897145 
0.7553579164981573 1.434492624149126 4.402610223617801 2.791343843299069 3.250410917932809 
0.1502777612451898 0.2690400617845371 5.175636108899751 1.981776411004608 4.621172705045282 
0.1127004053572034 1.2293562210739408 1.9408357210220761 2.372878492861444 8.615991562188855 
0.6199275918765624 1.1424526161101205 0.09144128077948686 1.928855162882605 9.032805935721845 
1.2831794592961157 0.13864865077327304 2.3120522269711166 5.256718975910878 3.0885524474739663 
0.5689829444617485 0.07588614631758 0.07026079093486855 4.408477745509938 8.05321015846935 
0.5015503568066576 1.0897212190677188 5.3907383379872735 2.4000123387359724 0.08030010768644116 
0.6047151074449455 3.543667321920504 0.12692672186776127 2.368831193989242 2.737636340990739 
1.955439975805862 0.7902694117283919 0.08002246144491812 1.7240863528435415 0.14919559380474315 
1.9421872811240197 0.052739902753822634 0.10228416711058619 1.443538176858546 2.2470164930782266 
1.0869410146439706 3.3499868637100576 0.0810589720005093 2.2193589936475595 0.09711068893637273 
0.21772909841945187 3.2785050513098257 3.2202990855929676 1.9244206480526016 1.6326320059975956 
0.051527191870325575 0.3347942239459592 0.1255273370540436 5.677614267681421 7.079197111682139 
0.5583692123243794 1.2642103680534749 0.10649789740228773 7.094789178775178 2.7927628367607227 
0.0874145708818454 0.022984054218800672 1.5544969695010258 7.750705734813465 0.02386663191600018 
1.1797388417074466 0.10088332975383987 0.11140523950451976 4.812806718336151 5.849109111817744 
0.200491671134292 0.06511958243096089 6.025324458604021 0.0876134839464339 0.0727259340308089 
0.04493340266230866 0.20569292121640584 3.374665841144387 6.665711731024223 0.07425862259843485 
0.04840179605908912 0.3428478783906336 5.9395344902021945 1.2971393458767853 0.14281439930734047 
0.11909114102946079 1.5468639100962827 0.14466074438553542 7.477891083628696 0.1249622312010027 
0.11986797556724724 1.5354091288205693 1.6476685006586018 7.160769219351525 0.05481247310109859 
0.1485499193932654 1.90455700971676 3.4910526002818707 5.409814086833504 0.06457174054341402 
0.0748080515989819 0.9247628982437971 5.877999638402045 0.14949326930009216 0.08183798386617469 
0.19095175893033162 3.250247774154447 1.621045345554459 4.378948676937625 0.07255472580002291 
0.13625467338940153 2.3796962730705147 4.907638627426311 0.09390828837252607 0.05414003596823457 
0.2617931733072809 3.8177535234054742 1.3895072252997018 2.467883874744638 0.2540375155198214 
0.16779331292843117 3.41736909804002 3.210270004304942 0.16909207615940766 0.059190599671238645 
0.25919665780192547 3.95761165791691 0.08889239436610426 1.8320945130807607 0.0733171962932622 
0.1891169940747578 3.8293492496385957 1.8796212161284984 0.2483202361767886 0.07027368478921572 
0.09339710379451581 4.0179517941448015 0.056262488954178125 0.7798921260758565 0.15806785440786122 
0.30463942450801546 4.0162537875336906 0.8022327977579364 0.1221508509135395 0.09080282294695403 
1.29746901373987 0.043711202632152515 0.05152487049041665 6.276308403701289 0.12286950749026933 
1.6402150972995728 0.23419538810451868 1.1201047639407344 4.757756791335286 0.14588486985446053 
1.445337731031521 0.2024663327231878 2.7258284249057816 4.544553204579408 0.06818802546408306 
1.1554416706352313 0.11973488800178114 5.014453345989575 1.21252212377692 0.08715558073820753 
1.172388970654778 0.07196803101504916 4.956754985396334 0.0493653455601354 0.07555015434993725 
1.3934174477245256 1.374266971036326 0.07410537341334068 5.432961335487898 0.06965563628619528 
1.6866003578171094 1.1453788327163161 1.304259734613424 3.832886529646552 0.1318023200829493 
1.6537138927496449 1.3042812687832244 2.5910887259802253 2.6925873413223353 0.10012073799269344 
1.4167210134587664 1.4060118725188089 3.9910013885436917 1.2279575629589523 0.10056794373171365 
1.1470517006065635 1.293861373646598 4.8838618946581125 0.11723003749425015 0.1275524396621046 
1.3220540893548336 2.755531903602857 1.498662448588794 2.438845614249787 0.09054720425782192 
1.2387072213076857 3.1073320302780587 1.8576765212912116 0.20611935665983594 0.07864038673884358 
1.0203282946285954 3.567283399464637 0.11874250217010093 0.7236231472232899 0.09722580863627386 
1.119387131264939 3.3804337565722467 0.8938509871515264 0.1504992055659495 0.05089920183073785 
0.7908063013241058 3.753640043298337 0.04671925219303277 0.09388029919648647 0.07454408957438904 
1.9308014716617001 0.09067339651088413 0.7773287764306962 2.590653764393217 0.09705520896612105 
1.9357294230864797 0.11982047564079201 1.5011261300987433 1.779254324727737 0.05409649777796538 
1.8275855407615167 0.10350414864605859 2.6575885423694143 0.808903718872002 0.14927900619170542 
1.740793245225915 0.14774204413202113 3.2913701727064226 0.08177789523977372 0.09631029822154571 
1.9360256914537883 0.9057273466759098 0.14539473656392185 2.637698835391567 0.09219680909015886 
1.9640673984137746 0.7205951441207736 0.9452942721665152 1.852994744666287 0.20464717937876908 
1.8971570865967002 0.9480231339442946 1.8274750332726475 0.9589530997979933 0.06562826154751739 
1.8279441819335818 0.7593745424658898 2.4287722602996666 0.11896788365706898 0.1255954603953916 
1.7903187907386433 1.905743486696002 0.06820414242501376 1.6285160933540737 0.06206335707366824 
1.8099092783126234 1.746673795447195 1.0594229214501814 1.0988351386019168 0.11896744197290984 
1.7795018199844654 1.7118808228763225 1.64200028350712 0.22405195779210935 0.21113964157063458 
1.7358246671677284 2.266012207619311 0.09677512828165412 0.6920624379276817 0.1736209636167853 
1.5943145725546373 2.4666134229501555 0.8100886979858638 0.12154768986511445 0.10105069215079468 
1.9595305109897598 0.02868310945836097 0.05643244604769444 2.016210595701842 0.1330356211226341 
2.0074166151848023 0.2545809632305638 0.7830671142955627 1.2533067305892507 0.09593218328514187 
1.997350460077948 0.07399889600629649 1.3197170449806073 0.6215270769851703 0.10323117212068633 
1.921510314105693 0.03539737764326771 1.9716734225715742 0.09548461785292117 0.09845700695808293 
1.9851554018221447 0.6928661819107111 0.08235607708109918 1.47718687906685 0.1765679078132963 
2.0090420021241657 0.7427975576205239 0.6103245619718738 0.7586123047660103 0.06468031415717618 
1.9410648912521968 1.275934922376028 0.1009584209622272 0.6669117580078353 0.0534984670337115 
1.910973949147797 1.299204375727867 0.7500150586983397 0.048995302537096816 0.033106435257790695 
2.01163937979443 0.043441812738977445 0.8067250595606641 0.11762972965167211 0.10578292654191467 
2.0156465227703912 0.39960136752236175 0.09260465717904144 0.6144336157050272 0.14005638476261678 
1.9783476973723517 1.0385897744595207 0.08048160639924236 0.05058868612811042 0.05536381436668726 
2.0311229433084477 0.07358122258779597 0.12035149690725525 0.5261290043332141 0.03603928253159985 
0.25296698708710985 0.10588078295577448 5.401583599866977 3.4697651530903983 1.8118566180243099 
0.12286614452052125 0.09644606314924055 6.028602179640345 0.11172218927619071 1.1587947446957207 
0.21462858806477197 1.801264668710825 0.192917342037981 7.1809519681957665 1.7962359568902377 
0.18621692483677044 1.9708968751808094 4.244184980945104 4.1841082412188 2.0434356848892175 
0.1858117791750009 1.8542934305250807 5.17572191584493 1.6913070576108409 1.796924166569206 
0.2017425176647767 3.8577548582164285 1.3568181103106933 1.2804307968012296 1.3070637981061664 
0.19918133502199187 3.981415179253958 0.0745267371815149 0.9598456253793476 0.947518126502191 
0.19786588259027493 3.9650629902784167 0.9931139472933516 0.07956644187596523 0.9207853292811864 
0.10977671077306361 4.020890007997224 0.052516080034166274 0.06884696508010822 0.6872348919840299 
1.6554413804058192 0.09644104097446349 2.8063444899831675 2.7586429793246516 1.2999827348309272 
1.3161098828451259 0.163349160412616 4.700737004228389 0.20777065257727084 1.3167027541045528 
1.3232934479218388 1.582912618466737 4.060759009366685 0.1923148594667739 1.328218107301427 
1.3162030532050728 2.763968990753034 0.08499492030135535 2.7483691670590153 1.2914301214269415 
1.4449184035854374 2.7484412369879676 1.4762078317822827 1.3468496993976566 1.3311054462617573 
1.9622171817902636 0.10183804662272296 1.1283828590231808 1.8747713796122485 0.9559956252058462 
1.976751483857196 0.0996864350838859 1.3570947900991364 0.6758485002328812 0.5901704100219937 
1.8522351508646913 0.20206267274302075 2.6176421311997746 0.07727936796192225 0.7831105043344121 
1.9409590754505495 0.984439111073064 0.07815589487198887 1.9043367935159037 0.8387398949739879 
1.9512479330188726 0.7663607238595708 1.5877578063514832 0.14859424000023472 1.0400092776070755 
1.7740006620690516 1.9789634710394512 0.07233094449379832 0.6633965727381449 1.1027807028980237 
1.894037589809632 1.368443317189152 0.7301876837975024 0.17962224985264283 0.7670967437577575 
1.7100245017738376 2.1957466058209194 0.05975911783337423 0.036137081126307466 0.7024924495628705 
2.0276851785366126 0.0612480032164934 0.0742214829925862 1.2683924925498928 0.5636109720955803 
2.0230862573093993 0.08785431044763264 0.5071224727221066 0.568619156742135 0.7324642132267921 
2.008482178121212 0.08531691533228307 1.5363552305661867 0.07579880871686223 0.645299369207535 
2.0018227357476293 0.6298284004427916 0.12986124642797295 0.6008979029208987 0.588433432745774 
1.9076072202197916 1.3838426304087867 0.04266882602451957 0.0629789309440047 0.6287874156162697 
2.016950909772315 0.09161611778114873 0.6896580660705348 0.15575502776414532 0.5141974664847041 
2.022165206326478 0.40970750464516315 0.11198349167708607 0.0639909536362512 0.5972709456037385 
0.07279811855619037 0.22943788532290615 2.4397389512481857 6.548903155700194 4.304204061142007 
0.24318597673541864 0.07461846471506543 5.796707354490052 0.09595902062330254 2.944589909078881 
0.17328644376740415 2.040312748083572 0.09254995178575014 6.157798988184105 3.9955812393173917 
0.15191826150458299 2.257382967804016 4.188101749936916 1.9792380456508507 4.0144134524770205 
0.22238572874107523 1.8522335203376494 5.175141223797174 0.1712390007839386 3.367748308234894 
0.2023429235917604 3.5703806972389898 1.5672814718349986 1.6258699679458541 3.4444361760808184 
0.19919911186088143 3.229732586718235 3.1911201996246312 0.13815038220663303 3.034475933827878 
0.19069681111896186 3.8020039094589655 1.2606015686925454 0.16664055626843952 2.636531167593326 
0.34778351931835116 3.944539194490981 0.05283617369007921 0.061919555646220925 1.8153302461641152 
1.6849613743914822 0.09383025191365159 0.13353497039614587 4.019029514513075 2.6087130118791646 
1.7003543287046305 0.1484069012597684 1.6724664156046618 3.331791383221368 3.450336552853877 
1.6058208044820388 0.19171135648796478 3.189833108328402 1.6340125125249787 3.241549675338598 
1.4759793818346665 0.10039868652223963 4.039375321165673 0.13128521060315773 2.7972728943271914 
1.636749458047955 1.5060935297642788 0.07480962851420832 3.1037422692453833 3.25495945433564 
1.417667149132188 2.710053629520754 1.185777157764965 0.21406405277359541 2.83027428751305 
1.072341152394336 3.4456612978343624 0.08989407289680212 0.1245184998414268 2.279047704626173 
1.9757645392937526 0.07421886455904804 0.09071911788877958 1.7851238548510004 2.0941295704532275 
1.9765819449190336 0.04698035267108563 0.9615512307512804 0.9918002666058447 1.7167117107858199 
1.9345161238350463 0.130287906580455 1.704831431295849 0.13894423368348943 1.8247803267718707 
1.9664643556848547 0.8777280111809652 0.18051822633491402 0.9578192641562152 1.2814092851900267 
1.9935183093924231 0.8726050395769134 0.7790129075396652 0.11392702722145207 1.8031404361885102 
1.8329089713052245 1.8940217420765553 0.18061111054725115 0.09796288462444121 1.528686275138833 
2.0175635251610546 0.09517179934088485 0.0899611872193484 0.7877002938482841 1.33606486708596 
2.009360282338982 0.09611348890242694 0.6616534693240749 0.19087538788503872 1.0802091708720485 
2.0151597466747653 0.7265025371159689 0.06473421102342128 0.12564228821818235 1.2723598522262967 
2.017946358647939 0.03381823136129648 0.07786037139957783 0.030249854682716085 0.7626335081282514 
0.20262216707752057 0.05081292777262546 0.057590881937838685 6.2593967667227455 6.2992517194920845 
0.06812042078515573 0.18207773777454106 2.448342479470951 4.799516769358192 7.050573874776984 
0.19645337564548837 0.07856841927169743 4.373617805187412 2.2265021725505014 6.47482410572234 
0.15455624182213973 2.363689443024329 0.08345335101116885 4.202260688366999 6.284306213248406 
0.19092024930815113 3.454675919139805 0.135480939874984 1.7297115502603266 4.789914452329966 
0.31366942445632584 3.3450007910937436 1.6643151802989655 0.10579055201658213 4.9773944213040675 
0.2112016314679032 3.7774156478730943 0.16547852768322657 0.12155024649594914 3.644728441893399 
1.980501626370668 0.06858197563315711 0.07118819606065559 0.8729322140819482 2.6550315689877744 
1.9688584828645699 0.08283063179562364 0.9692966617645895 0.0717540197667152 2.6705001247225755 
1.9889560164796922 0.04026407080628273 0.0856982518755944 0.040634972717968565 1.9113454265059424 
0.16535281230053914 0.07193605773423381 0.0852707739782628 4.271057734846402 8.529058625526137 
0.16328990581662722 0.09218790796646364 2.35365552296844 2.1854232844299784 8.914448614136628 
0.05362244083738254 0.2401646702389566 3.870202490442058 0.055817571398886864 7.7174182729758 
0.13486322580948135 2.252322480197984 0.2469571096915246 2.1595205394695802 7.918731297251593 
0.14268977060640148 2.105059270078709 1.9975472360872915 0.05282621419245354 7.937111614707254 
1.9435225521568689 0.0602622789556093 0.07827524315396558 0.13762369499810628 3.2340422138528604 
0.07936461892624014 0.04247487538727299 0.055441930140410524 1.9561800125727462 9.739076918238101 
0.039245730238040344 0.129531507603338 1.9067802451186588 0.06533866369691427 9.528286343028972 
1.7091065077295793 0.1148905978824953 0.03682829597668995 0.07264391040965615 5.5095049589963185 
0.043377497609587645 0.5978386556539647 0.09804060211147336 0.07053349691560967 9.914312226255383 
1.969716896660817 0.6264662650456987 0.11000790456614509 0.06799520847643556 2.1796406810482813 
2.012218514946919 0.7662617541914374 0.09567032004622908 0.06122587346959213 0.07827167598595475 
0.035691041669567575 0.03504442671116791 0.06253924540969094 1.5227387039889566 9.860412510193083 
0.49470194104316695 0.8670826971311992 0.08687163434593155 0.06973440987322689 9.504142553349189 
1.0552569865142556 0.04392383521500495 1.3739755312542623 0.08876029903235251 8.349020187577121 
0.4933335875913687 0.07565426409103546 0.11551655900965987 1.8832245651486232 9.550057742528935 
0.0283050621186242 0.09737702936972492 1.430002183478004 0.04027609802685128 9.74355128318483 
0.07160493456613054 0.9826798943451038 0.08295180619172512 0.18004898443657308 9.74386335047658 
0.0417611775044076 0.1961554878073299 0.030434230324425042 1.9558189567196476 9.72498134091434 
0.032173364666976074 0.04017729927839121 0.16882726036462567 1.961203992610339 9.733659099396291 
1.0637704510414632 1.088932096569982 0.12344339977816507 0.10926613181388606 8.194030476470243 
0.5636420218346917 1.089881328850204 0.08346674886142254 2.1540497342075553 8.988536725439506 
1.6306726897577808 0.03766530651779357 0.0522388234577808 2.205048471881641 5.382704874266877 
1.7970323496769725 1.148763346452879 1.5789173167663355 2.251480338634307 0.16734179625276271 
1.8040003710427048 1.1881918125826036 1.5730344528174482 0.10482367005947593 2.7272610004784905 
1.8230161070020188 0.05189692486019638 1.8240779728073766 1.6869229799834142 2.759786185871825 
0.42251305139658885 1.223202033243901 1.7019517486909819 0.050720740443338345 9.010140801230303 
0.04531298637095604 0.24283726363198793 0.045772718246863506 2.4765971555488044 9.538959645591177 
0.043866695535078264 0.15408377109736698 1.927556007183531 0.10862618571108253 9.521329255500744 
1.328107349719855 1.2895965337684538 1.8042125125493687 0.08459861244589226 6.585336689992109 
0.05277663864841134 0.31698985332682583 2.4746053502375305 3.296021618450292 8.187758937801558 
1.8319973910027312 0.046669807010139105 2.739374834847013 0.05867906645799367 0.05015163375123425 
1.7464170018983682 0.03382891032600086 3.1148273962576716 0.15020445160738913 0.12389345513576012 
1.6988986762636915 0.7235938862857418 0.05486193333818537 4.21519386616388 0.04055014478963127 
1.7282430373541846 0.027849981876182497 0.06287052171807313 4.221007242613969 0.09129599849941034 
1.665350657639355 0.06505102090024785 0.11276472733923498 4.28928727040495 2.3092696004582014 
1.6501910018653294 2.162029470619546 0.05331237389410438 0.08166168736980486 2.6055556117740175 
0.5242709309041167 0.04590905099400592 0.05514611835636752 4.330004052348244 8.101263223517032 
0.40027698718751226 2.202881135842991 0.11240982822935369 0.08423315979872381 8.261092164448444 
0.26658922145541114 0.08137113807345438 3.348284448079143 0.057803374682764315 8.335687795563528 
0.041396328504287615 0.08653476203612925 0.3431351277437499 4.45644353179661 8.360434125361165 
0.047602664055269965 0.39204915947446767 0.1256414983895282 4.460597726602922 8.308530626164533 
1.1970136261010988 2.3423628596082247 0.10708103160393 0.16540085557619116 5.824190792268633 
1.2630518799697588 2.1570139771380332 3.559501216001338 0.1427351399162527 0.15517008497836415 
1.2012279406783084 2.3779850231333834 0.12365650997257081 4.760312419558273 0.07795427345993866 
0.048431793913692865 0.06126265821247174 3.6154590858316644 0.05697206740964678 8.083849902602028 
0.6808415006230637 1.3309628240254372 3.6276059557238964 0.09634007564937287 6.705354304104286 
1.352122939093731 1.2122465993742062 3.890856762747142 2.6930948464861557 0.22063505226645946 
1.3264848312058768 2.6116729623964674 0.07017143817520911 2.633373828914149 2.740479814818535 
0.608909035940699 0.08749291014658361 3.9057625815978825 5.219785643136613 2.975071028393829 
0.6524823141155944 1.2664928020035733 3.9381214450085533 5.172593036004234 0.11853635067351995 
0.642133403506252 2.642046558580848 3.939623420786381 0.170005133286532 3.035167699111984 
0.6348610267389755 0.08117386606832834 1.5870260747672522 5.27881129637085 6.574942027529027 
1.3376670455564645 2.6595623246828515 1.6463248786505253 2.496137528957917 0.11913713733229753 
0.05647485921920848 0.38487327250594283 3.9991166795969844 2.51848095085209 6.833228750463245 
0.5615379133346937 2.6814898588933374 1.7734187749052224 0.09804548250533854 6.651437712371682 
1.3530828750844281 1.2737691146824524 4.0446703219378835 0.13424203308323077 2.5757824122354256 
0.06009497836258508 0.4988516584533121 3.9981121911865323 5.397876842241696 3.2102671687806796 
0.6934868178724138 2.4749873192973735 4.066394590213669 2.588786188792302 0.1341663918737639 
0.17420393467602693 2.720880069679498 0.07968385940436255 2.585306825875507 6.687103784674494 
1.3376826908325752 0.05070811602324685 1.9824779806485424 5.474552996264552 1.1226365770937061 
0.05840301699794871 0.14608389462156582 1.8615636185836593 5.4814878649240875 6.743161513012292 
0.051933612933186435 0.10281579425798365 1.071969221577521 5.623306076089097 7.015500081188401 
0.04865489901950165 0.5389649258854324 4.2573483498918625 5.6019719409965125 0.09431265065685875 
0.05696402982227361 0.4589610045089977 4.261133492331975 0.08440445922253356 7.054941039817846 
0.0542203062713525 0.5026707497847255 0.07097434160506706 5.661747541059076 7.029691103454307 
0.7209225962409286 1.4799298306503752 2.1858742341737663 5.680128705944595 3.664741479585056 
0.0730118888669595 2.914162140633655 1.5964106103613847 0.1094686909274577 6.4449389101492836 
1.1424966884743755 1.0340791534524643 0.052163715734439786 6.408279006887526 0.04221162657181253 
0.5623358045257062 3.234679828619833 0.09278785692748395 0.0877643669955254 5.4104986042732515 
0.5338382505542312 3.263755730214524 0.06990166484452968 4.289196203843466 0.11226768278420621 
1.104776303037053 3.2894862737993003 1.5785236710941744 0.13629461318319483 0.1109031024897574 
0.0651718381715091 0.4132236783169044 4.938641021097292 3.2991861561486644 4.080736795304038 
0.5492649447489946 3.317772184510061 3.0752814961734045 0.03761554530930329 0.056948717159488293 
0.04870847166550944 0.06650410093092006 1.211291697043494 6.6105516159186255 5.344931133162219 
1.1032791431909577 3.3215055183976374 0.08756519995806988 2.208451703533536 0.10894960087873802 
0.049273191160936064 0.4412031502705478 0.04376777150348844 6.641538389727903 5.557608534484628 
0.49803608812232414 0.06793716848070656 3.1804261417780584 6.653366269592321 0.13096067383108356 
1.098970502436272 0.08560131908888505 5.015915053376218 0.09035367969825073 2.6233598349822698 
0.0543873573422511 0.29275715646864453 3.3579955860626463 6.685304108509827 0.08674038401387109 
0.0544143046314131 0.3277353312830761 5.032690546309305 0.04019686000223838 5.530368103967891 
0.27506914765784984 2.203641437023876 0.09349965909492233 6.728621221030613 0.1180776831860588 
1.1475753340207029 0.06014570028432631 0.06954358665976308 6.748015708733055 0.0832587093595136 
0.47153573123577747 1.8808111131534242 5.212280368139828 0.05541238271075951 0.10075088694323824 
0.04847847293940294 0.3214376643184762 5.231552778252012 3.9789692056900803 0.1606738453446006 
0.563822220200629 0.049004472889158754 5.302672724802737 2.300104055374253 2.950300859620055 
0.5263585732251816 1.1645653300306087 5.310901506037299 0.039665248847850484 2.813736342279199 
0.06448169860678836 0.6767842752699288 5.342950292845041 0.1660954338626439 4.398955671621734 
0.05265869655395822 0.520598545803735 5.355942216925898 3.553874827164587 0.06071929912036559 
0.35351532870122543 0.061501324637657215 1.7521314712306462 7.210950745473409 3.020739522882282 
0.9196248582310325 0.05341582854808606 0.07054516998640356 7.214607773286198 0.10760347849569926 
0.9161904934912213 0.04941787539144768 5.430560304525715 0.09174602729483874 0.06936211169353873 
0.6262334204408224 0.8065598387503154 0.08239966669875362 7.227817481725576 2.8753989562589646 
0.49369492212066857 3.62946237185685 1.6547204781099427 2.108350760138157 0.16660308094010648 
0.6181668576393191 0.2814493135456983 1.8200910336687912 7.2896400741915475 0.04968677774782741 
0.9019521283277461 3.667511842640063 0.04989471640153166 0.08657240043258155 0.1362670873664579 
0.050875613950671764 0.1349561543154976 1.7355115226840934 7.337494887636535 3.0417042865994 
0.05565822904618413 0.07618167549173294 1.3707224631361785 7.511873521189198 2.763270385160019 
0.038431658212598634 0.12978899470682548 2.0178992196474073 7.568593082638147 0.2971220188274476 
0.05747971795303933 0.47042410731194795 0.11655934269196416 7.5875897278849145 3.1699302656478485 
0.04788789583834245 0.16925705659695522 1.9318636741228292 7.615027596163822 0.12460333475883584 
0.4789736748270897 0.053344271998598286 1.4371444050205857 7.616043073536249 0.12429650778771398 
0.05367141419265688 0.37278778842973237 5.728215759125652 0.05204544574716639 3.090026152310613 
0.45994918017427844 0.04649032294794437 0.09397920719532618 7.616608685918131 2.385185265632094 
0.46809191216311985 0.9505268840968795 5.7424549086367245 0.051425119676327125 0.09380115490791247 
0.054783438576157695 0.34057432614668764 5.7847657751477355 2.267272962218329 0.21029997627548114 
0.37700762049223446 3.86417425577908 0.09219805640834378 0.04387727874556495 2.161690375073656 
0.04970057003037192 0.35194105897980066 0.054621267076289344 7.777495780782755 2.438734883039805 
0.04425062740968701 0.48023087978102225 5.84970705060026 0.11300850093574225 2.137342269445967 
0.07700252698714796 0.9997947489058456 0.0723387980113474 7.796025558024009 0.26851315830272754 
0.07425916755749962 0.9900368322213261 0.04702880632691604 7.798068564586916 0.15330278872535774 
0.058616735363375756 0.07971620461730856 1.4299989301128884 7.8081740324160585 0.14011502046427587 
0.045080883805891245 0.10460469622709337 1.3913108099084852 7.826961667588267 0.11901562387097238 
0.09014216931159949 0.07876767051735212 5.9145426322072865 1.9187604400969638 0.3501469600926388 
0.06176788966079366 0.08367128821658129 5.935050177407327 0.2454761019002587 1.9928736188469487 
0.4125442189893507 0.05491425418718526 0.05037523313469033 7.89458635696912 0.0989902075014148 
0.05980887003909863 0.7133494228975558 5.942301660677445 0.07962030367011831 0.1864690166383814 
0.3250584300362246 0.04328790245586064 5.978168883617092 0.09482926480203324 0.07285202100874236 
0.38594342354825967 3.996603392992162 0.06146253199521926 0.0749936189818546 0.12164061996583572 
0.059111757057390205 0.5127046160783669 0.13113235455679206 7.970212873396038 0.11436157098499736 
0.04426624882801389 0.4727976777433266 0.1134886444180414 7.974328646228541 0.044662760235672866 
0.046204689834553433 0.02904952523734268 0.701375252601012 7.977774351239704 0.04453206464663704 
0.04200063916618159 0.33754996386339026 6.00549869535639 0.11025897371197696 0.12775290780567852 
0.04338924645948226 0.3525702544855871 0.09907859266155178 8.00224517075643 0.12882104879684333 
0.050070943932066694 0.0716092783641608 6.037806840184042 0.21312587528679516 0.5207030452995609 
0.041511231233791926 0.03327746224219576 0.05524308352316247 8.032657305691362 0.09684252366824896 
1.213895865942399 2.4519112303988035 0.09450204430104797 0.08223381123959929 5.716606762292303 
0.6525156076316935 1.2771101135056098 3.9777943419419577 5.11769383911511 0.1762657108798539 
1.0987385016730586 3.323989154540995 0.09990060984060486 2.1969330350881267 0.1285786235525067 
0.5596190709578078 2.6499294225668004 1.7870999871909294 0.13011002711402603 6.678715523482026 
0.5871193214726435 1.10841719262995 0.07910295759462481 2.162035062039229 8.989131815880938 
0.5052020854697882 2.778138656506784 2.0971363612349543 5.105151436801832 0.3294365233157276 
0.5896202838493433 2.348962447862489 0.1531971582295462 6.3651004810058165 0.225454348847958 
0.5611460633974175 0.133064685866094 5.00379328603138 0.10300509044609862 5.206007826114814 
0.1735389645566141 3.443360836757125 3.1355959314454815 0.25496127966575216 0.07649881236753206 
0.5147832629043809 0.05924553577038338 0.08639368952641546 1.90439639775485 9.516069232702066 
0.1920210200537562 3.432584142312116 1.3890624839952266 0.18549186257758993 4.869549841353189 
0.13085256219471697 2.286984927827873 3.564830751069477 0.3151792833250674 5.846773963709405 
0.09178050690026573 1.2185649360508402 4.032679563103716 4.938031994278031 3.1629811362229168 
0.5223426292491175 1.0147253617902312 0.08545525826235667 0.08305246116408771 9.484178040234966 
1.0838492734776652 3.322442004078141 1.5457493812567442 0.06180023997361393 0.1158616635414094 
0.10766473390333023 1.2172250848079105 0.2159750213580003 6.433443030712829 5.310176262030413 
0.09648700733637616 0.05905859484052209 5.773596581730822 1.8679134553792678 2.019262448622077 
1.683419808773633 1.2119679547299411 0.16186074148537355 4.49800627976384 0.26044145687097164 
0.08255918669784165 0.9301967318167599 1.568965732249623 7.564770800736823 0.13511302936627217 
1.6327607825027075 2.1948995036759875 1.5366272038756534 0.12827605628307603 0.22131478597373808 
2.0111005253062486 0.08240593783711722 1.23070755821773 0.06659483523107337 0.06173183802133367 
0.5248876870687444 0.8675571109133867 0.04128493462661956 7.623872453988549 0.06116413617066828 
0.1364345511836755 0.961558906212029 5.04036206527169 0.1011291654912882 5.086888556066287 
0.5444149504472883 2.2212604293895644 5.129117796873837 0.2107884097799474 0.5050056513976726 
0.10370628092136244 1.1400005863722134 1.6593098337902719 0.12244571160474814 9.30443558952552 
0.6658611996086004 1.3202911749861677 0.07731260234570601 2.384072385085424 8.540836464827287 
0.5322222044785544 0.13646806050180116 3.5139332576348585 0.14008615269071378 7.8302739481919295 
0.0899018901588685 2.1152763338655034 5.028396587436377 0.3567281582497803 2.554363668658262 
0.6496212241353869 1.2699132035223604 1.9601978655641505 0.1028416312866351 8.725573488864448 
0.5516281104955087 0.09309384286411207 3.4510244093405285 6.341470982979655 0.0920804033549124 
0.07593922111990549 0.9422867184324849 5.736467470586861 1.7858804222666609 0.05124186235343608 
0.19163252725478783 3.5004247190908457 1.7129643874632732 2.4900432089415294 2.8582311481799803 
0.1759494769706341 3.2638606199061595 3.226309388476756 0.11241458727787065 2.604419744183102 
0.09019575337580997 1.0599072172927497 0.15517257233783446 7.5680749614704625 2.3024587975342867 
1.8020523248608433 1.1515885334787035 1.7244850393040212 2.517231842954124 0.07317028366129241 
0.47348026897430545 3.7708978950487344 1.6647344986190857 0.1293168727146483 0.19552422848961565 
0.6270469937276347 0.07223999299996897 3.927785432792134 5.095013990529856 3.328199487211968 
0.5348841774255212 0.07080805158569022 4.987571586218009 4.224649792646416 0.15284312285495777 
0.6059717744839758 0.17970153736897132 1.7000773515102687 7.190895372148071 2.8276506610196055 
0.11613623788758021 1.1429726637497506 5.383295485604698 2.1874273357965595 2.8055882208137843 
0.10314117331098449 1.1021897797431854 4.938243798285326 4.181840459789281 0.23732770824994484 
0.06731576934090812 0.9735289311524504 0.057254030361965934 7.798948132469866 0.24435320361072924 
0.48629664168906034 0.06290306198924461 0.10502804633326908 7.642599860857421 2.355393367402544 
1.675222127699872 0.14492622013073647 1.6927269333936972 4.560937884383973 0.11052512213980532 
0.03913844060133745 0.1800969836389352 2.9664997560865296 0.2046856029815032 8.732896748564075 
1.9940016281433608 0.8364364206972873 0.07318563611392724 0.040051191914578795 0.055813088292488544 
1.2915306321498397 1.3237079794847972 4.116109964714516 0.14593256016983985 2.8762932090166555 
0.5744176424756553 0.054322517420370385 5.35044395690825 2.2349710128873412 2.857563657133924 
0.627544773603665 0.07687493281644613 1.8547459706380596 2.2801677623640693 8.662923226307722 
1.923358142421272 0.0781002462702463 1.5333369188226451 0.1268241338362709 2.535737107456617 
0.0686239472628653 0.8644613564835426 0.06522476755272848 0.052695342381451696 9.815957285880708 
0.17426751268676868 2.4936322273378133 0.094205318964495 4.553684661560943 5.729016861437682 
1.0968192895566555 0.1590171710538003 5.1548559620221335 2.102954206240705 0.2646382985011313 
1.2632437651874338 1.3742606810981528 3.962477749385266 2.511050920458764 0.14797254463512527 
1.648747311198661 2.206004160264693 0.12008673825939536 0.04811210356074735 2.565892264267041 
0.5891501463527714 3.515144133706235 1.9040348431176142 2.2343399371182158 0.15427816560721655 
1.2998977237372578 2.6712785601109035 0.04785378851319627 2.63546319458159 2.6821084053548394 
0.09817575901862069 1.3529529823718869 2.181146788671762 4.964665911561715 6.22074561221182 
1.7851831079638028 0.05838948958315988 3.002120712875276 0.071154274647335 0.11220122782649092 
1.1861902613857633 0.05886879015264605 3.6196236489405593 0.06313858391956886 5.738693080022561 
1.9633368482798883 1.0308589681651243 0.1867961383699071 1.8460917566006534 0.07510055046794858 
0.6392919043727203 0.14383057124582505 2.1143092516228292 5.089892180934264 6.601846345006345 
0.19598338861887665 3.943248241921072 0.13794680665275483 1.6267660904394128 0.05128813722289285 
0.10618782639556262 1.7962903608406822 5.419201447927333 0.05180248796837267 0.2747396590204936 
0.06445149046893761 0.7462971481509725 5.924471397023858 0.04748271326018416 0.13115820634464498 
0.18226461501489305 3.8729691610584234 0.06371524274986744 1.8400644241437918 2.054603596645063 
0.12269750963567505 2.182771389869665 0.22186829594610116 6.378956924135476 2.896287112756201 
0.19083837647810162 3.780819475801809 1.40448120895805 0.1713438484882008 2.6416077421577113 
0.11208162883514539 2.910851767611985 4.242721429176592 0.12946645217622121 0.06533255856240348 
2.0033697911315707 0.10132551094575648 0.08221964056571085 1.7053487953283 0.058917510350355445 
0.06062639611164142 0.126908093242525 1.616528302931229 7.519383268399844 2.4772630440174233 
0.1896959493184103 3.283641126503777 0.27591868809202996 4.309431639458438 2.3601824826664504 
0.6430958099760392 2.1972563272754866 0.09887904710462711 0.058965444247811534 7.911676761828913 
0.6459783684811431 0.07227303905795245 3.9332663916326056 2.3579813022389042 6.42249188598557 
1.4820541625849437 0.09226589451408 0.0768924035879232 0.08257484402208518 7.18443788516779 
0.6785307990289403 1.3002840635018917 1.687154417485885 7.188256112783391 0.46505538316668515 
0.06456818021289731 0.03533536816208091 1.31273486332649 0.04360241695980815 9.798721384216627 
1.5992081738455939 0.09814039603262245 3.4620268183955116 2.1765580308312233 0.0642491211213578 
0.05083927698536007 0.18344473249396137 2.8730356481392483 7.076241701439286 0.2755113445135756 
0.07367902451369256 0.9245984456584595 1.5184622471079356 7.576772075205536 0.2097594199421178 
1.1786577103220643 0.10042352367264096 0.11111388616431797 4.8120432087520255 5.849173783240369 
0.044126597000345054 0.24907852029463726 0.11477215661464524 5.6850859894214505 7.09082919038141 
0.413419579069082 2.830851678270004 1.9870718358631119 4.468404930870932 4.249831011071346 
0.5560949074477449 2.7011441265127227 3.4566249841763907 2.1024529084822228 4.696478680836584 
0.6873365002405147 1.032067188008987 0.23890657471293492 6.787573284492108 4.552684336693408 
0.48028861257035066 0.9276550645906603 2.2870802475149152 4.048868327153311 7.518482910926423 
0.7817064854804943 0.17757358408390797 2.6993772483477416 4.399179907022727 6.82272251982982 
0.1847485089520989 1.8068724932825924 3.228334861360631 4.803498880956764 4.410703456976035 
0.09162422159170086 0.2989279740763372 3.0742779432048644 3.6614645470403877 7.398860499556919 
0.678475128804614 1.3817905971959263 3.7801987403889714 3.7641382125026013 5.250979249926652 
0.8340924561724745 0.11473345881361885 4.6390240558671145 0.1848984334816284 5.2747840125298975 
0.10460157279212673 0.06765192417973839 0.09300287474979843 3.4161891625255327 9.102556541918402 
0.17010776547382017 1.521213218848229 0.15057966154369185 3.8249818512713194 8.210322224009545 
0.9291033518406538 1.9090325124940677 0.6226234948339004 4.735736847158811 5.389908360807377 
0.12499696265396454 0.06124127135747867 2.6358791245877375 0.23545966475806143 9.067668925498612 
0.07584093915360503 0.2959392066809534 4.553644979088744 0.09923929065859563 6.66550499849802 
0.06262069429407999 0.21257306606629628 0.16217995756402853 5.192651844036835 7.656183173945947 
0.9294013581881981 1.8441896928225892 0.10286156866564183 5.498363611740385 4.246550157301695 
0.12413261951133545 1.7358130523712854 1.8478709326010045 4.5648499500832855 6.498756181947776 
0.04654370653411438 0.19594946443158798 1.9145952443216505 6.9512455980527985 3.9581949006385795 
0.2422911781642349 2.426427671485205 3.910633011934117 3.921491147529364 0.43633363096779026 
0.11799291749482291 1.555288133762565 4.680868167752476 0.20676847568598156 5.122698919676391 
0.4995405763762162 0.9644366285117913 4.30343492750422 0.13288073750513787 6.338873897859988 
0.11848326259474956 0.0828667361435929 2.559163262948621 4.439301184165156 7.294523937108361 
0.1494479552142244 1.3633396889633769 2.1840255596437514 3.1019591597913294 7.99241659821146 
0.8578028198180015 0.09571764968378008 4.63538814089785 4.191328483151134 1.1772110172460477 
0.20871894963123214 1.568187476831687 1.4773624426581393 2.8533254201979603 8.517225984780561 
0.5734028631787491 1.255648862183792 3.2738212896406917 4.904326237731163 4.847163114061821 
0.23282562746317403 2.7759713860473547 0.13163506228435132 4.610778594204492 4.697844097458906 
1.3388733633330885 0.057956802312537255 0.10608497209885491 4.624315547610499 5.161598833792419 
0.06591569970131482 0.3124960175443565 4.955474214440764 3.3219892347347324 4.077181124198666 
0.5140857310079892 1.1013701545769472 0.17445635048025585 5.886352599969831 6.009755204970062 
0.7722561502042622 0.10845663727095582 4.185426912099803 5.158968083641373 0.14166199163892274 
0.05376694021946489 0.27693321604196824 2.354014508141003 3.30360009251083 8.295783666969658 
0.1597806576276135 0.0642878866639817 0.07026092027798132 4.2178047075858345 8.560318047846481 
0.4245721540189938 0.9900125179183378 3.143742779242616 4.271323767129282 6.154465205152347 
0.24102348903314647 0.5512516960183124 4.011856118811913 3.372405370173038 6.404330038769686 
0.19046454667692447 0.07218259981808757 4.432800331786907 2.1621392958886463 6.395057771841403 
0.17737036681818047 2.1212529446749278 2.87834110760853 0.3632754184634276 7.257088630352204 
0.24413526294831786 0.5956914363424626 4.097591121075495 3.735609223108822 5.9073768383027465 
0.7225453547513284 0.6836554304158664 2.0068525770400556 6.256852247374144 4.677844169870216 
0.8620639113134759 2.4443426930711576 2.1296213399251656 4.5031519505797775 4.318478983779559 
0.24317741053207365 3.567109951648356 2.960502561466787 0.11665527365148498 0.19918130383157145 
0.06631405487649208 0.13528958758101534 1.55973993453304 3.511275184230727 8.720151842675623 
0.1836746359325342 2.4596388577239896 1.2943140072256527 6.28596957000809 0.09946623146210448 
0.10505292938182106 1.220733417396965 0.07720514723208091 6.571546989632511 5.028946639685045 
0.7271266061716307 0.08215841561741519 4.114024371772292 0.12469001228318692 6.671530447049345 
0.5961246816115015 0.12426032150949548 0.10517577515972296 6.591266968781104 5.046670975828967 
0.1851322801917993 2.840654676969043 1.492618771541781 4.958469625075263 2.663218545206188 
0.14328381571527124 0.03125676822279583 0.028922555522236867 5.718982181041233 7.032385753727499 
0.5523891494308515 0.08545963347570638 5.101385840817085 4.033617987450812 0.12570213605305314 
0.19959824106253474 2.8479225701589224 1.9611139641781092 2.114526857115511 5.845767127831151 
1.0367827274996568 3.4801000724656195 0.09413540220543364 0.11120014936329063 0.030718536465107717 
0.6334968550424074 2.6965363590895013 3.926427419900294 0.08423291374838524 2.813700141089778 
0.1966004868837995 0.0732529094792454 0.08817134621690184 6.716178264049361 5.581919237180996 
0.1474652541631648 2.2190492886904063 3.617320367727604 0.1517259258397035 5.9326859480826295 
0.7059064311223691 2.434801186749972 4.106378631343801 2.5840601818862754 0.12108379275560921 
0.7747431104909032 1.512162713779602 1.9425384385013866 2.86963571101888 7.176676054534791 
0.1184134351169065 1.3678327153437688 4.2322229139825795 4.5502347810250425 3.033922085071769 
0.0477584157099747 0.20729133966940355 3.2757494779068255 0.06423365757627851 8.44635492108923 
0.20013640302471722 2.4971287830564597 3.5613571503891475 4.439579982649676 0.1688083726514012 
0.2440286087452339 2.2647888957834583 0.1072151227196309 6.661881732352734 0.08059020025512739 
0.06532237797956796 0.31396916563052746 4.076082490222992 2.4640079482715938 6.797731005039737 
0.5570157886009871 3.5243313071188997 0.0460126359401314 0.03840800961599414 4.1693385598860795 
0.7286431939977693 1.3860695981577933 0.0543530003956829 4.960415012260055 6.3237953844504196 
0.789433350120711 1.5329497165964618 0.4140186716646795 6.195384566123267 3.6214492590884664 
0.19615658239570827 1.2759587461744115 0.08381224963780863 5.476855813871404 6.737959939933039 
0.6775032019001024 0.04764011668224561 3.447149853066394 0.20785266255165163 7.577131637300888 
0.0911537492077343 1.3389986797904443 3.3742883737881786 0.13025899019695866 7.688252873259971 
0.07217605318784369 0.25615194949674497 3.944013761044789 4.330363275109284 5.443296896589816 
0.15255171740998225 2.725436056737854 2.532316249430884 4.3507683092833584 2.8300049058980403 
0.04445936303438376 0.20177047236828988 3.306258050390701 6.725987309414762 0.04981414753264476 
0.5854046427879721 0.06495567307053914 1.4368509661412814 5.3516969732338655 6.671181569909097 
0.16538473180083577 2.5360702783030544 0.1233929070896155 4.277436172484219 5.857214287388073 
0.6728015982413886 1.3555321921197163 0.10839407934243266 2.315037801249804 8.533579399170291 
0.11792934576162711 1.9159967664322872 0.039486849214547586 7.091380334216816 0.08644772199875383 
0.12518096310558746 0.07407957340785051 3.5076303751510065 6.2425043581634 2.5092127749398005 
0.18833403633235477 2.530660560538598 4.082460780529174 2.2699165354678756 2.8551615752893773 
0.5659522259217756 0.08278189367416516 1.6821339940444817 1.9155083878444987 9.02930348577495 
0.04843906977600704 0.327682927340269 5.404058488494292 3.541327584785402 0.03994627584580679 
0.19816168905588039 2.326836537116598 2.222213134648816 2.320878911533735 6.77572443858404 
0.1956706888105348 2.3654422923209935 2.3628871296523832 4.536070464909092 4.671306721636184 
0.061515423787304666 0.26757726072979604 4.419195169822879 5.471246305302566 0.041889135099047556 
0.7494354326207308 1.4475605667880962 2.3370314539034514 5.786569681530092 3.0141202066358854 
0.1989416788141959 2.472235699186432 4.1950216163142136 3.1479416129177302 0.7726715155208443 
0.09232240016947892 1.2050827541093487 5.02586248139918 3.7792080202170935 0.18207998640372194 
0.11054830013549939 1.3522450048753425 2.1944216530059513 4.937843947788559 6.240465466094472 
0.4809544818063217 0.06787965630383187 0.09640255878763333 7.641695286066317 2.3297420048741335 
0.5681844504553045 3.626276586970475 0.11238844351021093 2.221177045120543 2.646762124143462 
0.24798295673204335 0.07145738419232443 5.0510318864182135 0.10604929737374313 5.5345440881445205 
0.18942719555742552 1.9773673285285687 4.240903671867741 4.201622086498417 2.0105434939317295 
0.20615767512017943 0.05170680980721569 0.05770334505635194 6.27817311033722 6.276996772594935 
0.752602362194742 1.4411799314303673 4.438346319077344 2.707516128094208 3.1901529895371312 
0.04114841196708045 0.08508599281846838 0.7266394722711956 7.58890924309884 3.138078149909884 
0.8102925729725917 1.5423294003788452 4.431010571766572 2.0811134332961148 3.839470614674747 
0.6267779639708051 3.617263295429962 0.07747839224350922 1.4210627649549505 3.089874469701739 
0.76495318615196 2.1941929084811997 0.09361603540757557 1.5340742561717433 7.561440904440483 
1.5775749213725125 2.637723885025597 0.13174681884561196 0.05658121029452303 0.07855379830876505 
1.3015430984021479 3.157757623918769 0.05369893052803161 0.06361162482011652 0.054920426098397694 
1.7636553564387125 2.2126616874129477 0.22742427830781664 0.1308293553037056 0.1304148591370082 
