0.0 0.0 0.0 0.0 0.0 0.0 0.0 0.0 0.0 15.347526118453548 0.0017401338754228163 0.02312672771125323 2.4537997858973083E-9 1.4076720188792023E-4 3.8571624173447123 
0.7163298431692772 3.423306508867741E-4 0.0048397724657665035 0.024240992449411105 1.92423060855901E-4 0.0020305933332598067 0.09645693202674699 0.009422078442891241 0.012595056498826574 0.22625014324011938 1.8922539952992938E-5 7.005985228400283E-4 0.08268384581137105 1.0704923851568867E-4 4.23064413522486 
0.1781294503534532 2.895897479570283 0.17936438744722694 0.18848746828621385 0.17986711781740714 0.19473694842466946 0.18692674028470607 0.18839176349983242 0.19673095297875778 0.20443145026092752 0.1804432468316167 0.18185383877421432 0.17813915106238884 0.17823326499702996 0.17813376914134535 
0.8160718447995511 8.86546986748465E-4 0.02036040996136183 0.012866508226913945 0.0013572959894915556 0.03462312442250725 0.007641936568240129 0.0021633383732940306 0.014463540798983142 0.19898768528171712 1.061660968236951E-4 0.5268280206249009 3.2597329258618474E-12 1.5079802857363006E-4 8.397771867951547E-13 
0.512668630986145 6.917853366263383E-4 0.002530267531592376 0.08167111656378949 1.368274554471021E-4 0.0012891845869601915 0.076356670916324 0.02449975311506311 0.08189989757108197 0.008666447543126867 1.3797090015399065E-6 0.483421611168688 5.670946866812314E-8 0.2480334453651869 1.6669388857260798 
0.6079542277238057 0.6079542277238057 0.6079542277238057 0.6079542277238057 0.6079542277238057 3.0119844610130455 0.641481054079047 0.6272528283096616 0.6662154704825829 1.1592441862401572 0.6097612697130421 0.6843774897616778 0.6079575158575491 3.9372869229691725 0.6079547168510023 
0.4181288535301898 0.4181288535301898 0.4181288535301898 0.4181288535301898 0.4181288535301898 0.4181288535301898 6.560933038938677 0.4418592897115463 0.4261731097214463 0.5066126475102545 0.41816147829900624 0.4619848604843202 0.6040930787010399 0.45600205025081886 5.93218412838471 
0.4827849150037722 0.4827849150037722 0.4827849150037722 0.4827849150037722 0.4827849150037722 0.4827849150037722 5.671734298777633 0.4874024296746804 0.4918898723247398 0.6424743741017368 0.48419847536034305 0.5699121719640459 3.0085017887875383 0.48293646132804074 0.4827892475960302 
0.0 0.0 0.0 0.0 0.0 0.0 0.0 0.0 0.0 19.268328187198072 1.3855597981298466E-5 0.011374893691862604 5.28825135366619E-6 2.0929490613161392E-4 2.4508715685189406E-8 
0.4804766405697678 0.4804766405697678 0.4804766405697678 0.4804766405697678 0.4804766405697678 0.4804766405697678 6.149636093312701 0.5735835027443114 1.6330078060142104 0.8145152782036881 0.4805325244199493 0.4852506761011846 0.4804930870405315 0.48067533747159796 0.48049736816596117 
0.8446675127356224 0.0010599084923349515 0.046652135276095304 0.007546890784001205 2.731120943164776E-4 0.04161243315569987 0.00926007321532206 0.039850053176688466 0.17728864103704645 0.00794725034277445 0.0014438146999425755 0.005117496201093999 7.476850153970095E-8 0.11365133175262548 2.352482027255954E-5 
1.3050477042319635 0.06761957073216235 0.08434815840288853 0.07173791168386519 0.06646062545312408 0.06940806580443072 0.07617211061631148 0.07174297461700575 0.08507268146830996 0.08752168489475554 0.06623881479104515 0.07174290096860028 0.06613847664301319 0.12253903062794136 0.06613350560365218 
0.5097119575824316 0.5097119575824316 0.5097119575824316 0.5097119575824316 0.5097119575824316 0.5097119575824316 7.590297206627706 0.5823570938906998 0.5234362139997037 0.52294715770956 1.7242480222407275 0.5220683669604095 0.509804178053878 0.5101038808922661 0.5097229661485925 
0.6213557844413521 0.6213557844413521 0.6213557844413521 0.6213557844413521 0.6213557844413521 8.232213244883509 0.6866543900235994 0.6724836821906496 0.639534163325149 0.6449006609559821 0.6213748003526858 0.6389841959334857 0.6213600846864182 0.7277505925605129 0.621363174099966 
0.5914911374292553 0.5914911374292553 0.5914911374292553 0.5914911374292553 0.5914911374292553 4.52614602098458 0.8339445729887727 2.219575840411422 0.6111029800063857 0.6053903081694114 0.5942349738755749 0.6108789007943757 0.5915556910143268 0.5916437179697608 0.5914998611879105 
0.4912769390631323 1.947583528229535 0.49193580179891094 0.49476434286756066 1.3633918276170882 0.49403568065132725 0.5012398179635422 0.4926721214037249 0.5085630638601555 0.5102046568114533 0.4915909458777678 0.5138413703255827 0.49133012432822354 0.5474497300594668 0.49129588673490465 
0.20945678352282404 0.20945678352282404 0.20945678352282404 0.20945678352282404 0.20945678352282404 0.20945678352282404 12.10136794993927 0.21166518487875843 0.2293930013496386 0.2267921814423876 0.209611520111437 0.22905391480709356 0.20948117361715282 0.2096278603864689 0.20945758838590708 
0.14762494487214078 0.14762494487214078 0.14762494487214078 0.14762494487214078 0.14762494487214078 9.650378880353877 0.15847318701655252 0.15268950949005772 0.18504813287475302 0.1704696988610021 0.14764764441526718 0.15862742391714624 0.14762892517379156 0.1479392380003219 0.14770068746325413 
0.7727941530222454 8.173081191528996E-4 0.0038013334007177776 0.011352759760346902 0.001211527143361386 0.0014280498127031424 0.006215927868947577 0.0017596528267989594 0.011764599919567744 0.1618559755730661 8.635517896424614E-5 0.4290087837778252 2.651805427691552E-12 0.1468298854070306 0.8327186723817079 
0.6642696789612369 8.692837423409245E-4 0.04810344440104776 0.12387430244574213 2.4023421069663357E-4 0.0019080496869329036 0.10937708835037308 0.0050689360723997975 0.21286957983759658 0.020874038093104005 0.0014202346390164646 0.0024482516306187575 1.3944078085799564E-6 5.100892974568957E-9 0.8485682005155549 
0.10485454629549575 0.10485454629549575 0.10485454629549575 0.10485454629549575 0.10485454629549575 0.10485454629549575 0.10485454629549575 0.10485454629549575 0.10485454629549575 0.10485454629549575 0.10485454629549575 23.912200949010785 0.1048547269910724 0.10520959714797505 0.1048849922013662 
0.5702442705300486 0.5702442705300486 0.5702442705300486 0.5702442705300486 0.5702442705300486 2.4969457139974884 0.6115609064435942 1.2704326347630834 0.6697808606716362 0.5766220353160766 0.5702678329656883 0.6299589716323009 1.6763315542408492 1.4096436900615301 0.570246148668368 
0.3503382491228792 0.3503382491228792 0.3503382491228792 0.3503382491228792 0.3503382491228792 0.3503382491228792 0.3503382491228792 0.3503382491228792 0.3503382491228792 0.3503382491228792 0.3503382491228792 10.959151902827951 0.4222290689343043 2.266901137960127 4.142835213578466 
0.05835212115609106 0.05835212115609106 0.05835212115609106 0.05835212115609106 0.05835212115609106 0.05835212115609106 0.05835212115609106 0.05835212115609106 0.05835212115609106 14.103409584331148 0.06044972502935722 0.06289071324970498 0.05835212334708017 0.1984435639654776 3.9155145385008034 
0.8295335537274928 0.2474507560303365 0.24706970813981258 0.2627198189041532 0.24119644214223726 0.2422575443954867 0.24650586063832516 0.27352510336671376 0.2513960262487342 1.8032013206887805 0.24356236615396942 0.24568035860844153 0.24103929970107518 0.40258522940672586 0.2410060696910534 
0.4066228589813091 0.4066228589813091 0.4066228589813091 0.4066228589813091 0.4066228589813091 0.4066228589813091 5.198421991940557 0.4259671651137441 0.412909372718307 0.4633910201871253 0.40761578604565374 0.44088298581050506 2.5558971789871356 0.4485664090111031 1.4870980024222114 
0.4981912883070403 1.0944487173427229 0.5090193209232279 0.499856967985433 0.9052657936999611 0.5444663016973988 0.5567629055119105 0.5014367561320974 0.7058426550233173 0.5046775097198828 0.5843909372341488 0.5890092365093664 0.6435042288199909 0.5569440291438664 1.0237486805204006 
0.5670079234014762 0.3047564248856168 0.3136717120737842 0.30730558989537327 0.30473746597083046 0.328793675795464 0.306808097061684 0.3297387171465667 0.3097439015819437 0.3608000610702813 0.3043415586379181 5.163390200267539 0.612974158190323 0.30464344939098487 0.3042983918383522 
0.13921295677889625 0.13921295677889625 0.13921295677889625 0.13921295677889625 0.13921295677889625 0.13921295677889625 9.91538959533196 0.14102845316482668 0.15560224730185446 0.14764228821472683 0.13926398645175903 0.16096111486277717 0.1392316659789718 0.13935295853806132 4.12069712982154 
0.5910937319332507 1.6543865643527957 0.5961337021760512 0.5938435991900785 0.6594105416201458 1.5994117937449288 0.7532338510168781 0.5962821048966803 0.6100769533326954 0.6133210204116525 0.5911164996927036 0.6031951854441866 0.5910969484437325 0.5913023193010739 0.5910962882319772 
0.6033038814791563 0.6033038814791563 0.6033038814791563 0.6033038814791563 0.6033038814791563 4.39801706539947 0.6074152103122132 1.7930772255049237 1.038845342793954 0.6085442675736285 0.7902858276107444 0.6087083054487432 0.6033040776690451 0.6034089557481167 0.6033173326177362 
0.5391231123679407 0.5391231123679407 0.5391231123679407 0.5391231123679407 0.5391231123679407 0.5391231123679407 3.9729913375449595 0.7553382792527621 0.6204768535161123 0.6838662244748379 0.6412664621856919 0.6455217042804662 0.6922128934756062 1.124901746556342 1.1860809681219044 
0.6138655746663504 0.6138655746663504 0.6138655746663504 0.6138655746663504 0.6138655746663504 6.3591116325572825 0.9672199937988095 0.9740758297929796 0.633421441692908 0.6277267499523762 0.6165531038917906 0.6331952414564316 0.6139299348128014 0.6144183420108799 0.6138743201193819 
0.2482105461358108 0.2482105461358108 0.2482105461358108 0.2482105461358108 0.2482105461358108 0.2482105461358108 0.2482105461358108 0.2482105461358108 0.2482105461358108 9.364709904318044 0.31207596201515314 0.37182087246738194 0.24823133192010968 1.7089788721731554 1.620239798485976 
0.5730196071999647 1.4431696210705418 0.5910357087780872 0.5762902413977284 0.5731356265107675 0.89975597088018 0.6241085662597089 0.5761488222176115 1.3325057019676017 0.5940782420629278 0.5735844160033753 0.7124004018073244 0.7063093408557493 0.5731850854099484 0.5730767646323809 
0.25414056171535776 0.25414056171535776 0.25414056171535776 0.25414056171535776 0.25414056171535776 0.25414056171535776 2.365332306192542 0.27541211462443105 0.29530732659382336 0.32738372889840683 0.3061967338360791 2.683109165208203 0.4050489996074881 0.8315725627042923 1.2090962726099121 
0.3289795883622935 0.3289795883622935 0.3289795883622935 0.3289795883622935 0.3289795883622935 0.3289795883622935 0.3289795883622935 0.3289795883622935 0.3289795883622935 6.456706892543839 0.387866268509876 4.078378648005198 0.3289795885684714 0.32908703423741936 3.51267816684325 
0.5102349271353643 0.5102349271353643 0.5102349271353643 0.5102349271353643 0.5102349271353643 0.5102349271353643 5.422830488730151 0.5605850976419653 0.6118833748294018 0.5236008228656298 1.4623965534282215 0.5200835244504082 0.8451065062119865 0.5738538005271074 0.5102459357015252 
0.6146981608392666 0.6146981608392666 0.6146981608392666 0.6146981608392666 0.6146981608392666 5.268722547733264 1.2761595289557042 0.6912411395531015 0.6304519225475324 0.6256759741772898 0.6845944644245302 0.8760350185765766 0.6146997197373266 0.6150547346946321 0.6146984480049691 
0.5167316694046329 1.783691983524887 0.5172351403123344 0.526650740419988 1.304450399166237 0.5195748549693571 0.5256321054299585 0.6841183420994204 0.5370795193822254 0.5432241885740325 0.5170747332058443 0.539593475917132 0.5167388011551893 0.5170133758935179 0.5167338281635562 
0.4440911012278172 0.4440911012278172 0.4440911012278172 0.4440911012278172 0.4440911012278172 0.4440911012278172 0.4440911012278172 0.4440911012278172 0.4440911012278172 0.4440911012278172 0.4440911012278172 12.337591922596204 0.7183398108959287 1.9979500771833096 0.9486710483222374 
0.46519188279727197 0.46519188279727197 0.46519188279727197 0.46519188279727197 0.46519188279727197 0.46519188279727197 0.46519188279727197 0.46519188279727197 0.46519188279727197 0.46519188279727197 0.46519188279727197 14.321460408178153 0.6608668611728077 0.7628681626939933 4.759173067445315 
0.17446470886163615 0.17446470886163615 0.17446470886163615 0.17446470886163615 0.17446470886163615 0.17446470886163615 0.17446470886163615 0.17446470886163615 0.17446470886163615 17.41183993971714 0.28361540255429446 0.18655883284017505 0.17446997413824672 0.17473241705404344 0.17455221399738918 
0.26314969974051994 0.26314969974051994 0.26314969974051994 0.26314969974051994 0.26314969974051994 0.26314969974051994 0.26314969974051994 0.26314969974051994 0.26314969974051994 0.26314969974051994 0.26314969974051994 22.25924010903771 0.26315861710382105 0.26326361085907174 0.8375460951128567 
1.1399617789765917 0.059818253255481235 0.08310750481309842 0.06338725358969474 0.05867853920923888 0.14723008187463707 0.0691361143633099 0.09540691609471666 0.08739583881849983 0.07669803182754124 0.058355346512582645 0.06457473540293049 0.05835636115919053 0.05847809152400648 0.05835773764093758 
0.6143705128867445 0.6143705128867445 0.6143705128867445 0.6143705128867445 0.6143705128867445 0.6143705128867445 4.286640765184417 0.6523072881770053 0.6306135664348095 0.7404653591649597 1.0556464549396658 0.8565224402455971 1.128512204806351 0.9884276738139721 0.6143790048603766 
0.46491368441023984 0.46491368441023984 0.46491368441023984 0.46491368441023984 0.46491368441023984 0.46491368441023984 0.46491368441023984 0.46491368441023984 0.46491368441023984 0.46491368441023984 0.46491368441023984 11.471702171080222 0.5395013879581579 2.4533737542565413 3.075752903044605 
0.5223335529763485 0.5223335529763485 0.5223335529763485 0.5223335529763485 0.5223335529763485 0.5223335529763485 5.647849142211694 0.5753198875167786 0.6040612526467575 0.6410293199095836 1.1624014029275989 0.5333886689846793 0.7479314111550913 0.5860552794141615 0.5223358541061713 
0.4647745756198623 1.5058918145677633 0.4721500723669503 0.4669017344569487 1.131599338773813 0.4845126749015227 0.5505446218374888 0.46644790733236147 0.48122538643000806 0.483376803538018 0.4647961010872637 0.46974187927746275 0.46479273327761483 0.5124148535892893 2.6169101857552457 
0.5934998312390048 0.5934998312390048 0.5934998312390048 0.5934998312390048 0.5934998312390048 4.204841500597207 0.596823071968265 0.6237119012720795 0.6673465572006162 0.7055507643480704 0.593578993628009 0.6356378691354394 0.5935127496762209 3.917551860670443 0.5935155628423305 
0.358372400225257 0.358372400225257 0.358372400225257 0.358372400225257 0.358372400225257 0.358372400225257 0.358372400225257 0.358372400225257 0.358372400225257 0.358372400225257 0.358372400225257 19.064267457892136 0.4674911151701556 0.3584766824466897 2.4691745602025383 
0.1968689357474354 0.1968689357474354 0.1968689357474354 0.1968689357474354 0.1968689357474354 0.1968689357474354 0.1968689357474354 0.1968689357474354 0.1968689357474354 9.032819264537508 0.2629721729510432 0.6402442877598837 0.1968923030379404 1.2380679952025146 1.0226064193176925 
0.32398913054678335 0.32398913054678335 0.32398913054678335 0.32398913054678335 0.32398913054678335 0.32398913054678335 0.32398913054678335 0.32398913054678335 0.32398913054678335 0.32398913054678335 0.32398913054678335 11.774391018520863 0.5880205532643294 1.0123070695875844 5.479866521021221 
0.4767960750561567 1.3322016740727023 0.49148835268682456 0.47864636601435107 1.0549801374255354 0.4996565215130133 0.6466192405417237 0.47827248683610574 0.4928090005579912 0.49004246171405774 0.47681621046398176 0.4955255552710768 0.47681402222175606 0.6051248164031127 2.62893168519154 
1.0241309209688414 0.0014022445691800835 0.023444182871362906 0.004768440157925862 3.091289004662863E-4 0.08895952988353023 0.010255118754281084 0.09665865348799325 0.029603987691567215 0.02025116465169935 3.2316276836621225E-6 0.006234713129310565 1.5957442849520824E-7 5.967143204929038E-5 1.689080304513287E-6 
0.5857093661564381 0.5857093661564381 0.5857093661564381 0.5857093661564381 0.5857093661564381 0.5857093661564381 7.191392182333437 0.6524766104345923 0.8878446181891628 0.5934974012737926 0.8609126367184192 0.6104056053765932 0.5857867725516591 0.7068043592959302 0.5857203464365184 
0.5727736810045544 0.5727736810045544 0.5727736810045544 0.5727736810045544 0.5727736810045544 4.759774517383 0.6626741538753761 0.6095058438779034 1.175729641882423 0.5854383037739358 0.575522663951211 1.4524910654783354 0.5727963626093736 0.573066391079944 0.5728976160129708 
0.4039321437649504 0.4039321437649504 0.4039321437649504 0.4039321437649504 0.4039321437649504 0.4039321437649504 5.705513611112052 0.4049805148545418 0.9490198416657367 0.41035343363968585 1.5247654941377144 0.4293304133142969 0.40401342131751317 0.46707370295888534 0.40394315233111133 
0.5789626213343049 0.5789626213343049 0.5789626213343049 0.5789626213343049 0.5789626213343049 3.2250253255517256 0.6373107897902098 1.5431297403748256 0.5909247832086127 0.6603788612629635 0.6658352687178561 0.6676524179321486 1.0284578010887857 0.642033720157646 0.5789997295714934 
0.33459970057045585 0.33459970057045585 0.33459970057045585 0.33459970057045585 0.33459970057045585 0.33459970057045585 3.1496593396610724 0.3629631546298794 0.3894913979183914 0.34133866428165877 0.3822491129477896 3.109261602530576 0.33468019065434756 0.913516521730239 1.28955541146501 
0.6131385869868774 0.6131385869868774 0.6131385869868774 0.6131385869868774 0.6131385869868774 4.156514211472366 0.73024054121461 0.6216162458166454 0.6223019932705364 0.625348747029655 0.6941513898622977 0.6269791858934816 0.6858498140390159 3.1957462964387964 0.613139076114074 
0.567109339041294 0.567109339041294 0.567109339041294 0.567109339041294 0.567109339041294 0.567109339041294 6.827896268073005 0.854700583286184 0.6917923000004748 0.5749033426330746 0.8329237592993367 0.5902189505049433 0.5671150316363551 0.7066647854747661 0.5671168233702012 
0.5278213490365626 0.5278213490365626 0.5278213490365626 0.5278213490365626 0.5278213490365626 3.118058953827723 0.8149609350265241 1.7187200060197756 0.5410016864129018 0.5340323670412641 0.659966492865232 0.7595001052162469 0.5278303582701148 0.6483307980023797 0.5278213499456176 
0.28875610201871 0.28875610201871 0.28875610201871 0.28875610201871 0.28875610201871 0.28875610201871 0.28875610201871 0.28875610201871 0.28875610201871 0.28875610201871 0.28875610201871 16.728001770392474 0.5210663379062568 0.28885580882437095 4.646039319515165 
0.48888075357830957 1.5981154992670812 0.4970583049661802 0.49104523936962613 1.1999942404765083 0.49100011816637157 0.49698180022993926 0.5690365842460883 0.5064007181165598 0.5031608180106395 0.4889766549675531 0.506201628385882 0.4888867888254072 0.8368024634385354 0.4888829344352671 
0.17812757332048304 2.5876943385533537 0.2151388542238348 0.189130117030503 0.17844757054283805 0.1945249118972681 0.18722886116263737 0.1813269904897682 0.19619800891626674 0.20367865943122354 0.18037531163940393 0.20467507670242036 0.17813728828628236 0.17823154053757082 0.1781275733753913 
0.16954591840595412 2.1837561963740417 0.19992400729218957 0.17879674562283973 0.21010571305137093 0.1847549377632697 0.17915599882376607 0.17208218968250066 0.1827736585307461 0.19113460507698887 0.16965209030702208 0.19372538545375745 0.1695473225659438 0.16959453708663585 0.9710166404559255 
0.3417281553694264 0.3417281553694264 0.3417281553694264 0.3417281553694264 0.3417281553694264 0.3417281553694264 0.3417281553694264 0.3417281553694264 0.3417281553694264 7.237537858142472 0.34244507417581427 4.091140199262021 0.34172815557560504 0.3418353561042329 3.525426733850383 
0.3037775891520194 0.3037775891520194 0.3037775891520194 0.3037775891520194 0.3037775891520194 0.3037775891520194 0.3037775891520194 0.3037775891520194 0.3037775891520194 10.860102364246071 0.35455301377119647 0.4301807944211544 0.351655195874794 1.4596045185334692 0.3037847429080259 
0.3611997928172129 0.3611997928172129 0.3611997928172129 0.3611997928172129 0.3611997928172129 0.3611997928172129 0.3611997928172129 0.3611997928172129 0.3611997928172129 13.003805893550293 0.363060710080291 0.3649490590245476 0.654088967721739 0.42779697041629916 2.979642115126932 
0.366241902589264 0.366241902589264 0.366241902589264 0.366241902589264 0.366241902589264 0.366241902589264 2.8151694408093473 0.45967274447838036 0.4202757814950843 0.4623780074770654 0.4495536096974978 3.6005250809725453 0.3662604722405724 0.7778663626948411 0.36624701961014233 
0.22129092898306682 0.22129092898306682 0.22129092898306682 0.22129092898306682 0.22129092898306682 8.546075261969829 0.22918776159993434 0.22571037598211585 0.25394720023052847 0.24290366335201646 0.22131077794823423 0.49914852991233494 0.2212909329785808 0.22159975835057527 0.2213861390805528 
0.9124021749440435 0.10596175569110705 0.1200907911047823 0.11759546868018167 0.10669000941973086 0.22373760406016388 0.11323663891978922 0.10739242747716857 0.12051348166016652 0.31735181114754907 0.10510487295887525 0.4018392078299935 0.10508910701987288 0.10523550796432862 0.10508471954220894 
0.21665582989857932 0.21665582989857932 0.21665582989857932 0.21665582989857932 0.21665582989857932 0.21665582989857932 8.056667616007138 0.21811176851237246 0.32391843208198273 0.23488765690992341 0.21670162881817884 0.4001326915451777 0.21667105800518002 0.21679459738599438 4.453858204776102 
0.4886688868529324 0.4886688868529324 0.4886688868529324 0.4886688868529324 0.4886688868529324 0.4886688868529324 4.493141326092183 0.49223236548220106 0.5276930630976393 0.5652335320928603 0.5392506481391042 0.564084706176965 2.6748849352221287 0.7533182086936201 0.48867321944519043 
0.5184272327632046 0.5184272327632046 0.5184272327632046 0.5184272327632046 0.5184272327632046 4.611562091128334 0.5757338820702802 0.5494229147012825 0.5289968413447456 0.6377493574923788 0.520578640024852 0.5327058537541302 0.518432933859464 3.1010349422151235 0.5184277218904012 
0.3784344581943198 0.3784344581943198 0.3784344581943198 0.3784344581943198 0.3784344581943198 0.3784344581943198 7.634942156387633 0.37986940980810496 1.1245199612407937 0.38722356003031694 0.4551009881060173 0.40382024328686916 0.37851569579510197 0.44246758362274113 0.37844524179312794 
0.29701115772850206 0.29701115772850206 0.29701115772850206 0.29701115772850206 0.29701115772850206 0.29701115772850206 12.069278132631066 0.2991973404190704 0.3175088759724157 0.32214990349826966 0.29716589431711504 0.31660828901277155 0.2970355478228308 0.29718223459214693 0.2970119625915851 
0.5958875046440475 0.5958875046440475 0.5958875046440475 0.5958875046440475 0.5958875046440475 6.159845707870669 0.6001955454903282 0.6051739871938293 0.7081380388881929 0.6126214510260534 0.5959468015950428 0.6777333894482095 0.6620061498220896 1.4346475686944817 0.5958962256837422 
0.0661324039769032 0.0661324039769032 0.0661324039769032 0.0661324039769032 0.0661324039769032 0.0661324039769032 0.0661324039769032 0.0661324039769032 0.0661324039769032 9.939400782787056 0.1399959927629141 0.23156531703670172 0.06624495013377628 1.1073314634319824 0.8918698875471603 
0.5138144967464008 0.5138144967464008 0.5138144967464008 0.5138144967464008 0.5138144967464008 4.57652809243719 0.5706154298912436 1.9374086110765494 0.5309199082143791 0.5259679610083382 0.725984587773415 0.533462046107928 0.5138144990695588 0.5139407721057111 0.5138232177860955 
0.5292999458602947 0.5292999458602947 0.5292999458602947 0.5292999458602947 0.5292999458602947 0.5292999458602947 3.6000221999640596 0.5610443262653417 0.5782634231506005 0.6004111787975794 0.9091884363843188 1.6404860867234894 0.7434978795433747 0.9036060595257498 0.5293022469901175 
0.7465831364820464 0.439542379918475 0.44381319729986834 0.44081575342930274 0.45239328240425014 0.49352342779810865 0.6497910849845705 0.4671960638063274 0.5092605380328413 0.45011060256677765 0.44061088538608084 0.49779166176249473 0.5452182050473418 2.765615368492017 0.4393793809493852 
0.23055743852260022 0.23055743852260022 0.23055743852260022 0.23055743852260022 0.23055743852260022 0.23055743852260022 8.783632387455958 0.23214579737008098 0.24489625781621846 0.24930461509605545 0.23060298285221584 0.2499678173225654 0.3560371550354623 0.23069744028176528 4.212041611565244 
0.9897900231349129 0.10928353025297877 0.12525480870919828 0.10846508379895886 0.10445610753222055 0.18415392027929584 0.11339767607746692 0.19107552812924009 0.1307925498324783 0.12238424562830075 0.10418110208051674 0.10978328143161076 0.23825614680263943 0.10421143538764932 0.10417988588735216 
0.32970761160253476 0.8974251500263191 0.3402408528777351 0.3311416328934115 0.3414251602193809 0.36026344208704925 0.3655337783250039 0.4619189717670019 0.3375702345173024 0.6413657915329165 0.39580547898824303 0.5317410512281806 1.182902245177787 0.38906132528406445 0.5774148964003569 
0.656268243420149 0.37031741636151044 0.3819832948442023 0.3719072456040982 0.3925389084211264 0.43886867626323933 0.4213291536473404 0.39573780357650234 0.4374142848012954 0.4729079785277197 0.3713913792924503 0.44192197696855917 0.4574135546593154 2.6963992739052776 0.37015837430379067 
0.549268742621862 0.549268742621862 0.549268742621862 0.549268742621862 0.549268742621862 2.6907113031509153 0.5951903372223826 1.3274968218292873 0.6262641716620437 0.6573741710097418 0.5492773841191461 0.6213919064584629 0.9148013713660237 1.3889501488676128 0.5492694013679199 
0.4536916990629019 0.4536916990629019 0.4536916990629019 0.4536916990629019 0.4536916990629019 0.4536916990629019 0.4536916990629019 0.4536916990629019 0.4536916990629019 0.4536916990629019 0.4536916990629019 15.593867685190297 0.8028045288937611 0.7936580876972065 0.9582716461573222 
0.3940842264902002 0.9440603971113164 0.40547125906793063 0.3955541917665754 0.7729987394863176 0.5967594606723869 0.6856298556852106 0.3979689985116638 0.5462949936881554 0.41467782106371165 0.3946365625549394 0.5380763010131715 0.5859452441551922 0.3942502878167444 0.39408422659155734 
0.48448420538146036 0.48448420538146036 0.48448420538146036 0.48448420538146036 0.48448420538146036 0.48448420538146036 6.236771751732158 0.49158717482720427 1.5192457011508942 0.5269988895650464 0.48695750974703644 0.49106991262702737 0.9726953582837758 0.48467196651964317 0.4845014666797013 
0.5768180738343281 1.2015284546483402 0.5897524477908248 0.5784556119383365 1.007023796757208 0.8079550433608383 0.9080584013761007 0.5812317677057393 0.7497527342552227 0.6002155400581475 0.5774456118958745 0.7404150451218148 0.5768610463312845 0.5769841291184648 0.5768180744717379 
0.5978932020357557 0.5978932020357557 0.5978932020357557 0.5978932020357557 0.5978932020357557 4.014147724868385 0.7942183130625708 1.9963925172834867 0.6147394683047188 0.6760936123092178 0.7064960508163827 0.6172809654008761 0.5979577556208272 0.5980457825762612 0.5979019257944109 
0.23833325155251048 0.23833325155251048 0.23833325155251048 0.23833325155251048 0.23833325155251048 0.23833325155251048 0.23833325155251048 0.23833325155251048 0.23833325155251048 10.284638466815432 0.3134913581458171 0.4207715594092097 0.2384573684466452 1.304731197461013 0.6261764364225653 
0.10337189269730962 0.10337189269730962 0.10337189269730962 0.10337189269730962 0.10337189269730962 0.10337189269730962 0.10337189269730962 0.10337189269730962 0.10337189269730962 18.697679307142078 0.10548374032644997 0.13139144001932423 0.1033718971643897 0.10369360412866231 0.1034491533637212 
0.4348743306237671 1.1900709815959813 0.44888599663112533 0.43805742383943075 0.4354136766324002 0.4494879415832504 0.4762614529051086 0.5876076043925595 0.4439771602799963 0.518223104153043 0.5491512861611345 0.6022032278902859 1.2980702148063323 0.49492379571024436 0.5716186266197382 
0.49127773353871645 0.49127773353871645 0.49127773353871645 0.49127773353871645 0.49127773353871645 2.9114696192983094 0.5431768937972405 1.3708069430930305 0.5714663451038416 0.49909879360817744 0.4913180509866787 0.5546456191129883 0.8564092808344599 1.3300377975891506 0.49128645457841125 
0.5766296762106033 1.311082129838218 0.5915228586598337 0.5793265155041527 0.5933677843863523 0.8922793434981917 0.8406185718613892 0.5801472944698034 1.4303844164560144 0.5895273488912137 0.5772648321517257 0.739799704176564 0.5766922980824737 0.5767954287039153 0.5766384459154491 
0.513664297757569 1.5520148843936656 0.5186056116685283 0.5163507754792012 0.5347684401061398 2.0060866301769362 0.5235274223236663 0.5740471421740165 0.5320157828573853 0.5276998538558788 0.516149654832096 0.5330014446175821 0.5136675372206617 0.5137949629633158 0.5137944134482505 
0.5035506767877 1.2553581116800816 0.5172034969115058 0.5056508944208624 1.01682166479785 0.5317986634216605 0.5741436733886379 0.5074622522243376 0.753820908758747 0.5113681458623229 0.5036212707343067 0.6016199156297373 0.669612076993685 0.5662251163606524 0.503551494053822 
1.2038581107157171 0.06749810496333654 0.08286036921699524 0.07117607197018129 0.06643352554288083 0.06934137664129174 0.16171408864100034 0.07192900888221085 0.08528537736710884 0.07931816228850833 0.06621328801541353 0.07174217603905468 0.06613847585836699 0.12285183851366388 0.06613332162218769 
0.4913707729002714 0.4913707729002714 0.4913707729002714 0.4913707729002714 0.4913707729002714 6.951372191310739 0.9663836022218115 0.5005726453133759 0.5095475005561751 0.504379208380507 0.4914108788980453 0.49568163525304754 0.6311052710321925 0.4915634569462639 0.4915653853071262 
0.49346281439126316 1.4310491474296274 0.5127042283446858 0.4969089047139697 0.49363140670931804 0.6796319908622809 0.7612617710857419 0.5234932836331532 0.6601432938709328 0.5049466506512018 0.4939598087891453 0.6326422893025705 0.49348301875618744 0.4936040191999068 3.2343034627570333 
0.7644183031064218 0.15457387105629017 0.1687239581787596 0.1588817746112987 0.15399306599935594 0.24833927343083245 0.21143688015891307 0.33210215463876214 0.27819429754851155 0.33461293643015827 0.15381317861385174 0.1594441041703534 0.15380548446704473 0.26975437773161515 0.15382893459315056 
0.5521899364612773 0.5521899364612773 0.5521899364612773 0.5521899364612773 0.5521899364612773 3.4598305504230695 0.865030462298045 0.6054668203533381 0.6329512589200228 0.7040408538322047 0.5522266549011289 0.5684450678069928 0.9179002925679881 1.392279608207775 0.5521899770088161 
0.5034255104503172 0.5034255104503172 0.5034255104503172 0.5034255104503172 0.5034255104503172 0.5034255104503172 6.413593931883311 0.5640000039152904 0.6170254525741333 0.5194093152022591 1.6420821208332952 0.5150099397877789 0.5035119693480649 0.5670443838420602 0.5034365190164781 
0.7903952272842549 5.179056343088675E-4 0.005562915196504425 0.02480811956065034 2.1385846622514945E-4 0.002094757853625616 0.2300137410760059 0.014757522075716966 0.015692895362611956 0.21473659641617662 1.1704697145614544E-4 0.026477106981509527 3.437581577551261E-12 1.559283557679328E-4 0.8039222669911579 
0.4975274562243134 0.09002734772203581 0.09148743011799639 0.13236001428768335 0.08955602479272178 0.09044911667475397 0.14727237991591163 0.19059035804724966 0.15862659633224507 0.0968011033822875 0.12564102661929064 0.16149061766292294 0.19880561381768874 0.8184089032412416 1.7564121381654194 
0.4482476905100066 0.4482476905100066 0.4482476905100066 0.4482476905100066 0.4482476905100066 0.4482476905100066 0.4482476905100066 0.4482476905100066 0.4482476905100066 12.275787868355055 0.4491544185356903 1.5354227209878086 0.4482476907261116 0.44836030969196083 2.131540713950908 
0.49338784389120194 0.49338784389120194 0.49338784389120194 0.49338784389120194 0.49338784389120194 3.3034070679706495 0.5536465526729896 1.514585378487236 0.5827540696813629 0.5026292302512041 0.4934345431912203 0.5084350705468176 0.6183088039334365 1.332147907941636 0.49339656493089673 
0.44704342025962207 0.44704342025962207 0.44704342025962207 0.44704342025962207 0.44704342025962207 0.44704342025962207 0.44704342025962207 0.44704342025962207 0.44704342025962207 11.004518037304933 0.5484994087654952 1.5034477695982924 0.44704342047572704 0.4471560394415763 2.130336443700523 
0.27744158837448046 0.27744158837448046 0.27744158837448046 0.27744158837448046 0.27744158837448046 0.27744158837448046 0.27744158837448046 0.27744158837448046 0.27744158837448046 13.752192982159082 0.43314433890842446 0.30056823475281025 0.27744159082827163 0.27758263766159974 4.134604005719193 
0.4245689531024675 0.4245689531024675 0.4245689531024675 0.4245689531024675 0.4245689531024675 0.4245689531024675 0.4245689531024675 0.4245689531024675 0.4245689531024675 0.4245689531024675 0.4245689531024675 18.016905746071107 0.5437837452299089 0.42474514806814084 4.217065917558054 
0.328365097555358 0.328365097555358 0.328365097555358 0.328365097555358 0.328365097555358 0.328365097555358 0.328365097555358 0.328365097555358 0.328365097555358 8.495381626337874 0.329673894623784 4.783731444625495 0.3283651041484782 0.3286581020853006 0.32837106523269416 
0.24177582257461136 2.08156683893986 0.2700352686678498 0.25017666100205554 0.24195940174379446 0.33497526911776176 0.27402230831720137 0.24465171253526516 0.2577304997292589 0.25713670423379753 0.24374186937156722 0.575037189950508 0.24178553587299692 0.24187977194743976 0.24177583381806186 
0.5568458244614575 0.5568458244614575 0.5568458244614575 0.5568458244614575 0.5568458244614575 8.111619346575557 0.6827760183951352 0.7371846251448526 0.5771353070271209 0.5713662832524584 0.5568905921423083 0.5616577558610687 0.556845829656222 0.5570225875535553 0.5570404368683122 
0.41575343734943254 0.41575343734943254 0.41575343734943254 0.41575343734943254 0.41575343734943254 9.31322314820631 0.42561282485911067 0.4204923162283829 0.5827218759717518 0.42814082994384683 0.4157761898558229 0.4265699222134998 0.41575742575023594 0.416068370004024 0.41576185961188766 
0.32074224078409913 0.32074224078409913 0.32074224078409913 0.32074224078409913 0.32074224078409913 0.32074224078409913 3.413910429509175 0.351907809214939 0.3810568606607167 0.3281469678055129 0.37309908769787326 3.3695216735292495 0.3208306827352196 0.956852066047962 0.3212424524603029 
0.3300089438124545 1.9937932210856393 0.3361893770162131 0.33629621382950375 0.3311944201356577 0.36820086937504837 0.3378394174893158 0.3369125566388671 0.3424583057705707 0.610714513879931 0.33231645912066266 0.33345245129292367 0.33002402247244517 0.33016155903429484 4.986555376799155 
0.3611643823810686 0.3611643823810686 0.3611643823810686 0.3611643823810686 0.3611643823810686 4.8670823512747186 0.36570720594257894 0.3826010719481804 0.3791156172846106 0.6241147081761085 0.36301095715575693 0.41149779280355514 1.230773847231553 0.550659243371788 0.3612665513959156 
0.10485454629549575 0.10485454629549575 0.10485454629549575 0.10485454629549575 0.10485454629549575 0.10485454629549575 0.10485454629549575 0.10485454629549575 0.10485454629549575 0.10485454629549575 0.10485454629549575 20.840792313563878 0.3207596713395041 0.10520959714797505 0.1048849922013662 
0.27994849619694456 0.27994849619694456 0.27994849619694456 0.27994849619694456 0.27994849619694456 0.27994849619694456 10.770893282476184 0.2818967294427899 0.2977515783605377 0.2952463621261845 0.431412320076473 0.3005481767247288 0.2799728862912733 0.28011957306058943 0.2799493010600276 
0.6874914521967911 8.981240444642437E-4 0.003341316189050245 0.10941151096225947 1.8330898935118534E-4 0.0021134072755158904 0.10262899737204755 0.03290738468626187 0.014246064826287848 0.010670033413376731 0.00284558805265884 0.00513180248284074 4.634950980912634E-6 0.24574100851164107 1.9481111710338035 
0.43191350161336645 0.43191350161336645 0.43191350161336645 0.43191350161336645 0.43191350161336645 0.43191350161336645 7.800217051862522 0.441011940201957 0.801615898290091 0.47514687108833653 0.4344286245791816 0.43654699435660593 0.5700748313171144 0.5429064479882063 0.43191647789142207 
0.39895198434320234 1.988983111285771 0.4131198704445458 0.40519624802141896 0.40012935174213543 0.4368826685582855 0.4066761744514666 0.40589386663222515 0.41473054489533195 0.6795149052494434 0.40125832701659897 0.4023937418995297 0.3989670553405086 0.399104522008928 5.068092427379852 
0.5606677667691612 0.5606677667691612 0.5606677667691612 0.5606677667691612 0.5606677667691612 2.559497838056102 0.6035311458299993 1.2870686124940973 0.6456227719939467 0.5672236780686667 0.6107724177394533 0.6278390398810402 1.1671261906657218 1.3994278308195955 0.5606764878088559 
0.44402463193220015 0.44402463193220015 0.44402463193220015 0.44402463193220015 0.44402463193220015 5.259691525362015 0.49743318103229517 0.48322196727437516 0.5234385160170509 0.4532909541864605 0.44566265414534334 0.4444225250088268 1.4882432130003256 0.634206881274579 0.444025072264542 
0.3443008707228556 0.3443008707228556 0.3443008707228556 0.3443008707228556 0.3443008707228556 0.3443008707228556 7.506758059094833 0.39785908929625047 0.6628520866486347 0.364998746541599 0.344351915119386 0.365783586161285 0.3443199774367163 0.34444087248202065 4.3257850437654985 
0.35211545595096966 0.35211545595096966 0.35211545595096966 0.35211545595096966 0.35211545595096966 0.35211545595096966 5.327935867990548 0.3713376849483187 0.358631498616176 0.42449866207245124 0.35214190006946033 0.5710933344787984 0.8080683505283077 0.39045898569217186 5.812407862204618 
0.4319129256411334 0.4319129256411334 0.4319129256411334 0.4319129256411334 0.4319129256411334 0.4319129256411334 6.822664558455998 0.4398042755115028 1.5815257823311204 0.4791464453801162 0.43466075935602755 0.4369751304520479 0.5828575772603931 0.43210068677931623 0.43193018693937435 
0.7643394175907328 0.44984436404171546 0.4574771761739476 0.4547861216528835 0.46495351125156215 0.6388647492840914 0.5037213318239654 0.6263980956177847 0.45689100310682873 0.45341620964827317 0.4457903016096874 0.44451523227371154 1.4947348947647652 0.6150504972168604 0.44409948260562376 
0.2955245663067796 0.2955245663067796 0.2955245663067796 0.2955245663067796 0.2955245663067796 0.2955245663067796 10.664765585564082 0.32842851781173177 0.31414260162670604 0.3115227067171255 0.3975431666891784 0.3015997330652462 0.29554895640110834 0.29569564317042446 0.2955253711698626 
0.6099618551896306 0.6099618551896306 0.6099618551896306 0.6099618551896306 0.6099618551896306 0.6099618551896306 6.225662989914238 0.6680156087726886 0.699505692836219 0.7400092507050966 0.960064989560229 0.6210169711979614 0.8355597133683734 0.6736835816274436 0.6099641563194534 
0.3544016706014835 0.3544016706014835 0.3544016706014835 0.3544016706014835 0.3544016706014835 0.3544016706014835 0.3544016706014835 0.3544016706014835 0.3544016706014835 0.3544016706014835 0.3544016706014835 16.795578616409173 0.4503094095777542 0.5339862985583257 2.5408177468657214 
0.6939222395880068 0.08786748746931332 0.09002580228917693 0.09107591596755776 0.08715969199367497 0.1442951820757522 0.32773053737926006 0.11821198391197169 0.19967482277412218 0.10048511419213754 0.08702976871997552 0.09842935649443177 0.08702923445559492 0.33506257410205986 1.7539680144629528 
0.5919190514515799 0.5919190514515799 0.5919190514515799 0.5919190514515799 0.5919190514515799 0.5919190514515799 4.813095566448755 0.6355628083616401 0.6592274699478645 0.6663803722696149 0.5931065207788304 1.702188145438709 0.805940210480333 0.9659162553497096 0.5919298977626591 
