65.25702064171281 0.0 21.667750965831136 21.864522308422835 1.3214422791153877 
26.304725023632265 46.06213938501631 1.1251443078525667 0.11026752349701077 0.9970662607007241 
76.43049237109086 5.731009114041517E-4 2.251303418379996 2.136528160451514 1.0190993289478896 
103.69897873475257 92.023780725809 0.8265571916590464 0.1587852470259949 1.0046917475707668 
4.778602144769705E-7 75.29573958170855 28.08256091272219 27.959465660711885 1.0047004518634652 
72.52044395219998 72.4549855666744 1.3794280014410318E-8 25.984185298948056 1.0043338859823212 
91.2507340161426 91.19993511264242 1.0298642324587252E-6 31.2077219658034 1.0036995953103818 
61.46344276120352 61.412759603199774 9.006483167563303E-8 31.137384804087567 1.0046289744625405 
40.69974839463732 1.6787184791184683E-7 12.776752002643434 12.882987393576737 1.2236939388720538 
0.003149081162429011 10.54719343650651 16.583117627715843 16.456821388407697 0.983400576265211 
160.36640505390918 160.3110064192926 1.2246485468902335 3.550364794738632E-6 1.002570630387141 
2.6841975066977317E-5 38.85881156449831 14.86093436607048 14.738015052345432 1.0079326905276507 
0.012218074480924046 40.73981704595757 27.53947073823415 27.42971434256447 0.9821108408080761 
90.06496902452795 90.00034618579987 6.625190154740935E-9 12.414783720944435 1.0044265225661675 
85.395757951621 85.35637063428725 11.466465662788885 0.0 1.1294090233052674 
5.492352242751531E-6 91.10193394982635 8.669629969686397 8.793119100014458 1.2550513721436274 
108.28730274169722 112.00442803999572 0.9876147835431521 0.01963472191017874 1.2067848434926753 
3.465560106060277E-6 79.38989251888945 9.009745683593026 9.144109770330168 1.2598585077624174 
1.2171559560890832E-6 10.76376291979798 43.88987861089302 43.773461670864606 1.0068910827140483 
97.38253960642764 97.31457277125146 2.8914396945092243E-9 5.475618696483793 1.0069574187265176 
25.360301259377668 25.282537354737677 3.5492946145633415E-7 30.567513162214134 1.0090125088591666 
89.07628200074221 0.0017383346107516134 9.957217874546421 9.88917544697957 1.002668491328484 
22.557710835713717 37.589976928533645 0.9852171462263517 0.1287984366536236 1.0074497976047843 
4.1146434181914745E-6 24.562373820951183 25.71721680327874 25.610784585734688 1.0123514360656132 
0.013296456243859724 13.76212684963296 29.126049390368028 29.021723586284676 0.9736275831155065 
34.11395456419347 0.0010906903841109272 10.216746675024194 10.081270057383602 1.0057217505256724 
6.730057172215356 6.666296741587488 30.45248029747866 3.191526761840754E-6 1.0058408394551575 
62.01835249971158 61.9616363166316 1.410821062807716 7.846888868845347E-9 1.0130275843500145 
125.13012612101377 125.06384711815207 2.868089499087797E-4 3.139985703907784 1.0051511021886743 
17.501258588062083 6.645749501065436E-5 21.477441525757662 21.678554311737535 1.3164978833244312 
0.0012320309723924672 56.76298660326961 23.3123865440569 23.178375575132563 1.0010713069703179 
63.488180319885636 63.40851500986935 9.677235838787691 4.0594864640032645E-10 1.0065320914963747 
17.03468516240929 16.94584816403118 2.396728896085582E-8 33.551865152862646 1.009561212591032 
18.004153158690457 17.932863651937833 15.0104030510551 1.3659123044521165E-8 1.0102319739405412 
73.13180075973612 73.06305946172598 9.76707756139085 4.09567047894408E-10 1.0065111033023793 
97.1376388654647 97.0653059836118 14.299165119996818 7.641432561515821E-11 1.0055187106929402 
14.468863109593007 14.451193629949698 2.1446979069404077E-4 6.366620379822385 1.012288804976012 
40.052977255847104 39.981155980574336 26.64842695662229 1.6706495872733148E-10 1.008213910861971 
43.13445312741069 2.6451584526355706E-4 18.642319446605256 18.512246963919058 1.0050906814110987 
2.313904310338111 2.1681178738589737 42.95409851817966 0.016421721356902227 1.0026549871156094 
2.117011047297346E-6 45.744583774494494 13.488358644911054 13.365768928158358 1.0059216740623913 
124.4657717731198 124.39356685690157 5.1614530843493975 6.299039662475296E-7 1.0054325328309326 
59.469239584420286 59.397997644192024 34.5518712865193 0.0 1.465138266975076 
35.27021320023087 35.203479650919405 35.342581214959665 2.18942352115578E-12 1.2507858363191364 
89.30277211851883 89.24306247957131 17.363080209977053 1.0148344637924406E-12 1.0496828528857058 
40.080128112056734 3.873826066087381E-4 7.369040222832571 7.246345137350929 1.0402180920675799 
67.88033260644121 67.81579734942929 8.199130930696466 5.146538517283264E-12 1.2555683937295823 
70.36043859710811 70.277905807368 2.1862935240547428 0.001464974696555419 0.9839805858548075 
9.26918640918945 1.3172393742441787E-5 32.59113470943505 32.522451595346354 1.0155511631445773 
0.009347951748920894 26.71800916743251 3.8694799894268517 3.742237648449854 0.986517602744578 
10.155045743431824 10.129555838321993 0.0036759600858878513 22.24806107418101 0.9997943385233108 
90.540820449565 90.47746171867648 10.690268277208485 6.653111205023357E-10 1.0065081095761619 
28.86577788981562 28.67670529853061 1.7654970792953882E-4 4.131694517000968 1.0165639097449994 
38.67652584551513 38.611720249121404 1.7944343206584238E-4 26.478169506585246 1.0054321029621582 
57.520622646479275 57.55574185456511 9.056683031080478 1.3684919068225748E-5 1.0048302936364633 
5.045914088663915 4.935169237028538 9.77193816475751E-4 23.757714646174488 1.0120279584201317 
20.34502870148872 6.28607069917354E-4 12.61092922489479 12.449604014520016 1.0111163379845953 
7.899339848636211E-4 65.06901802432951 19.292987629236546 19.250881565354177 1.0043285565124322 
27.90314801517862 8.526406997890003E-7 12.28702272796225 12.370339166179772 1.2089765980473255 
77.74561098697687 80.89517137300719 0.001206081864541484 1.0837844444510463 1.0061327725020879 
62.373662095174005 59.954474897777764 0.00760116440408881 5.877362771298681 0.9800100526185429 
33.61147684299855 33.82276399891447 3.594751804958854E-4 9.713846482664627 1.0050759004092087 
31.607622439380982 31.531502828297672 22.500534325105836 3.46891933091398E-10 1.0075498552705697 
72.81849898795512 75.69361155263124 0.00123172102748531 1.1640357795327443 1.0066813788297748 
0.009959433442819993 58.342068396320606 3.74267895190283 3.5483984495753114 1.0001967258067104 
22.542468949214168 21.59539075700855 0.005377280816982509 4.833452587848875 0.9834314451587163 
31.523355606643054 31.43306302485247 5.619712108002566E-13 20.375441997348627 1.1045534376221882 
111.68182416224529 111.61341823299162 8.113232267759573 2.1176470746476982E-7 1.0045067196873576 
0.006767384550838254 22.200600329175888 15.090751231489094 15.012880916397526 0.9830854540055943 
53.68965868878663 53.52944806250226 0.002988562578551979 8.132517139064785 0.9822509205094775 
17.48209866948397 17.510786277237287 0.003638152852995194 11.222756456706255 0.9879331625210779 
1.3197424965928994 6.571461752747984E-5 63.447585658777754 63.717187320767835 1.3042078536479114 
145.47700628201153 145.40976036495135 4.490543078612629 8.97573531977788E-6 1.0024644115739054 
38.63939839912335 0.0 29.53852007292421 29.727688684791175 1.3153759641144531 
0.03297980632659463 18.64465138491247 26.84523496573879 26.865919191731088 0.9666546805423527 
117.64452326799449 117.51643151544971 1.0455652105684241E-6 8.637284578722927 1.0054599014266046 
2.4271595816284692E-5 61.59991047616776 8.17435088313187 8.054411321987082 1.0088095607617993 
101.85724315744747 111.40178012868319 0.7197150006705771 0.11211839173032805 0.9912838290564608 
124.4311853552074 110.88695592447229 0.8336382593163547 0.15588439201288357 1.004875022498365 
6.535742231325008E-4 54.33009341532013 17.857596375692996 17.807982564801147 1.005494390834018 
76.65332300131911 76.57541750221075 23.198555208600474 4.638637331302562E-11 1.0055733512544742 
0.021052451314371372 65.24596177517127 11.36307279497935 11.30580597577933 0.9821720878781549 
28.911090734767704 29.024432588104947 5.330995231346823E-4 11.484315092557347 1.0045885599812485 
33.80835711935936 0.006024184549240264 6.081652881692916 5.903430096597132 1.009681114684871 
18.353410091488904 3.7201043074452464E-5 7.981374793759607 8.04042161165399 1.1957730754600517 
42.667024887494485 42.584391654211025 17.30238467570924 0.02173950246026953 0.9713940559272692 
8.84607713425958 8.968756501676696 23.311447289137753 0.005421984498820823 1.003553093486725 
38.49455715577425 38.68914330003088 0.006804722650192361 20.499649544468944 0.9825430842435998 
25.710131309596203 25.9744737504598 0.007250588085133339 16.562816203892986 0.9795172469713164 
35.94119898743931 35.87736007733841 1.167528224877991E-7 15.6258115244554 1.0104178216764943 
24.849219431448454 3.6325391282358817E-6 18.09046411943607 18.189019421958772 1.2173978921760842 
4.20491118588936 0.0012311889606337707 19.048200577880593 19.35633405880106 1.0055027099183231 
0.0011127803100722824 32.097878073255636 26.355301842349316 26.290440982236948 1.0005971747941667 
2.9884872077018296 2.926608839823234 21.567816745369367 0.00375878770869934 1.0076768715695548 
22.81678329165554 22.74481505297386 3.670769185234565E-4 23.110726757925907 1.011415996597793 
7.679366153313831 7.6655475487404665 0.005954731901090183 14.401458567774572 0.9876968759416943 
0.026111709953797562 20.881980205874164 22.257459574019435 22.300321626021635 0.9788357140588756 
44.47639280244385 44.403620103235504 34.669004340267115 0.0 1.4473961334897063 
83.80176520984892 83.81794152422175 2.4296912432394397 7.139322993047094E-4 0.9845716513530259 
44.3133241371469 44.22974411270349 2.4558940729416774 4.9682087504689E-5 1.0015811636889649 
6.503404430339565E-4 44.70080109803078 20.075730369065692 20.058278166351748 1.0037055829096333 
37.9305571481973 37.81445257621338 0.0010308125602918985 1.262932187289757 1.0247902825176418 
0.018847742971976385 51.51242315389389 4.748085251675206 4.61424297593112 0.9826111572868914 
9.231219007197623E-4 72.56963418854653 17.688956970701835 17.64938041001822 1.0040135121669749 
16.948064205830928 16.8903311403012 23.560338637525344 5.405293065750867E-4 1.0018972028241595 
15.390941830610732 15.19057405185996 0.0010331195804719187 23.804642333277453 1.0095529806566337 
51.77784086740236 51.70324955608579 24.005945695234338 1.3015534283303967E-10 1.0079156431110519 
13.668005141171468 13.32262042863939 0.0038479156290671585 17.19645302240532 1.0074330609679547 
72.91271950621046 72.93097549384348 19.70045490132603 0.02182087349134819 0.9704816343133656 
0.020378992197384427 27.04571950342251 18.059549877924937 17.965027362813874 0.9814414737318092 
48.056669222335046 47.78255020647928 0.0020155339123136802 6.896833658921716 0.9890447287694251 
25.342905679990388 25.27435463344019 29.54903006362318 8.719691814266056E-4 0.998519502243557 
48.236876559091044 48.44416587878199 9.124413739467315 0.010571113928572266 0.9714410109837862 
150.7778781321313 154.83394163427192 0.003973912831606705 1.0413107829715076 1.0071363198760659 
67.89622346943521 67.8753342027136 0.005972213103530151 16.808996326205918 0.9818624214278768 
99.50641396969844 99.44049540147984 19.751582846930766 4.0340119032176134E-5 1.0034751980185945 
26.12856785294289 0.014269250852580306 1.5305760558938852 1.4250579919689417 1.002743641835709 
11.96075101800182 11.891000845071071 33.34632474617798 0.0010078330486420518 0.9988100965980767 
56.891825499372075 2.725725244795052E-4 18.621000729665685 18.47632341724158 1.0365736093655644 
54.866882988542635 2.622400158542209E-4 25.664308658280618 25.48522642920927 1.0272395447605647 
65.90947354181019 67.24364098691078 0.0020425791085374166 1.0762769973941817 1.0042068909831954 
135.81748122812783 135.74200026409838 1.1924325364748607 2.4716365549850584E-11 1.0189919712834519 
84.27305604361311 84.1931013492812 21.80462204285316 2.6102050609606042E-11 1.0054869853131256 
1.2507422258732803 3.506202150758479E-4 57.99182103880759 58.17576305966368 1.308911858943074 
34.04160689952894 3.62674845229185E-7 23.24214628948102 23.399383651218454 1.290813021076838 
6.258514552206517E-5 2.411769884807452 15.31401154394121 15.215923768896577 1.0095240650643784 
105.99289548315521 105.84324268195822 1.3881632560504984 4.5665847501889225E-4 0.9810922288351445 
83.63515331470457 3.0021703405333806E-10 7.119422149038495 7.029142353088214 1.0415811754278292 
71.29363769672554 6.366820710812807E-7 9.500564958581329 9.546256950994604 1.1757349504872292 
0.04295593332492862 34.97960290262079 21.491737461704265 21.38241381644523 0.9801647531079017 
18.475140688881428 18.402363919845243 29.797746577183506 2.1073141520652792E-9 1.0394343288161476 
41.52714811785423 41.46573042341288 11.190605909616101 2.591995565951076E-4 0.9999024514864169 
43.306682888259246 43.22753290812835 1.6848183119611424E-14 21.62741662709007 1.080434296739769 
52.61977772060247 9.356124889376607E-4 9.577154231835753 9.429752906257352 1.0051603318385591 
39.423550392892906 39.35615442445458 34.64419511586973 6.098875425440109E-13 1.2506350185814403 
0.0 5.4366098948125225 20.482906126943544 20.374643652182982 1.0164481445602866 
116.37206254860523 116.30504770917005 1.2019208493026743 2.325354231869959E-6 1.02314459043856 
2.6557986041167774 0.0 36.08642235239286 36.257966836900906 1.2961717267974657 
87.18077472279467 86.63417098481195 3.0220930344457953E-4 21.18554759172954 1.005511087500984 
0.02989387469210157 0.999175760054576 67.5145874018519 67.69710169507836 1.0079583239726178 
0.05107854761641892 1.03601087667333 42.33847000424251 42.4489642089133 1.1892076967851732 
78.04097762313293 77.95624510511482 12.907907509649426 3.78039403677447E-4 0.9978286022065277 
139.3087527959908 143.07636101888932 0.010731447691472183 1.050656697251421 1.0055451313826649 
81.48976057489139 81.3988990523674 8.404526601295556 1.8393496205148054E-4 0.9991320152729174 
43.384781251875815 1.954873538548034E-7 26.38124303421474 26.461072154820386 1.204408044639474 
47.09766430818735 3.521969404567983E-6 23.007487327661334 23.085503306239705 1.205049842673137 
29.121506813392923 29.071019874384774 10.95836154389601 0.003268588940074479 0.9933200261291276 
121.45894116341734 122.21325170269763 4.453932601060226E-4 10.527864418699869 1.0021042045635535 
20.011651686618592 0.006468042158702327 37.07988811488425 36.995785529173844 0.9996617655124224 
67.7689706607386 67.72139116956986 4.641428250811921E-9 8.885172189295035 1.0062843837581013 
1.2407723629628922 7.938626766085471E-4 29.97073961831857 29.943981492965136 1.09195533535686 
63.23398059201536 63.165679509822475 22.581942602529363 2.310844975355479E-8 1.0056107230017841 
1.463082043122011E-7 1.228785262976665 48.06462215793793 47.96295656244222 1.023804581219944 
130.44661344100504 130.38515742558494 2.965956976735938 6.678180647182218E-5 0.9983419950732727 
59.56530695173447 59.44911998564353 14.611872430697794 3.0421085538382694E-5 1.0040645583557164 
48.147855858280394 48.07132782531454 18.739668544375682 3.2681655981829403E-13 1.0164425691188506 
0.0025906972220143955 1.3567493509310153 52.49925020744775 51.94887617997394 1.0185945130022602 
1.8474312974776181 6.58713849462336E-4 23.899311426952828 24.469178785404743 1.0575090502189601 
54.65951533693416 54.56042164606433 4.354518810311648E-7 28.271413906692334 1.0078491900566848 
7.058402887246562 7.216829727024728 0.004374072509717431 8.881466960166243 1.0115288956406636 
0.011176445385218926 32.04435334776943 4.333196113656155 4.216660558144013 0.9843627968811803 
1.1206103965957122 0.02676369779807761 11.360521368862871 10.089905298904851 0.9585461330332383 
1.2630878839194661 1.2111517861597456 0.014325384517162428 6.069354108075793 1.032342911261888 
30.673734245392254 0.002229147404515509 18.729730629039004 18.577534371345592 1.000080638903232 
1.2291710828459188E-4 1.1443591335314962 1.124962299711089 1.2038615276148088 1.189185919025315 
1.202194264050995 1.11467290458994 0.0 1.1616238032490438 1.1616238032490438 
1.1950454627892861 1.1226052985867399 1.673379855078406 1.6587640696586335E-11 1.0589071648118416 
2.460749218270913 2.3973918866472537 2.331415917548581 2.4676471951765655 0.0 
78.21112351688251 75.15448756338294 0.637187277498463 0.11556556481394062 1.144203736813119 
68.3208288614358 68.23941981065367 0.44677391823336954 0.21730110673197534 1.0550277544554494 
15.449773748072376 14.73239145590458 0.3357697203594371 0.3240315070558483 1.078153923899217 
3.680127555742014 3.2015322215830517 0.2338391744883322 0.4626733076070204 1.0093845889284707 
34.70294559142172 34.47174694183749 0.1262035037707919 0.6671259006356545 1.2414170604655779 
1.1975091508080231 0.747109342254964 1.1419417163828576 0.11373516690204027 1.2828240720963373 
0.9354362382680903 0.7635721460222185 0.7305316617598729 0.1905323096531255 1.2326397577442565 
1.2656263794635918 0.9094558193378619 0.43374924986694396 0.28142500752786553 1.0651746605095347 
1.1576089035865549 0.943981579521163 0.2989930992062233 0.41594285105543843 1.1488801041586953 
1.1641997671530786 0.7253737959183132 0.1561952089466517 0.6914920417155983 1.1058262174845688 
1.1924160307589216 0.660754228185599 0.12905574838436193 1.0601428714865995 1.2997246207287811 
1.2397799609902398 0.4464609247940366 1.0598503128266799 0.24699156491568092 1.1191383511430326 
1.146093207985516 0.4285055876919241 0.8017229504841459 0.28862338907631685 1.0889371995150097 
1.1289193589144992 0.4198824677202885 0.4757066641973688 0.5071083429596597 1.0841965645482472 
1.2231816506296553 0.4505127743806131 0.28383275491149645 0.9510064045522622 1.195193635814054 
1.2446732991470624 0.46460528001539164 0.216005046871767 1.1381988408641208 1.13738406435412 
1.2646214693723656 0.32969442591504616 1.2082547159425139 0.33926922081455974 1.0500880016661378 
1.226989298614815 0.251947881102643 0.826255428519985 0.4696986855809438 1.0642726877989774 
0.8382583540154046 0.3156328774484971 0.4888860375749902 0.9016681810904663 1.1812771658971424 
1.2574567224702151 0.3102026188425091 0.3541932491558472 1.145276245146245 1.143442997998743 
1.0678020804592483 0.22716845807946512 1.1715282715981592 0.43784992621654933 1.0361891370491756 
1.0926080726414689 0.17768488841721708 0.6987147818938854 0.6688332108097419 1.084776742725214 
1.2129984990718223 0.24038151158110835 0.48293299266302364 1.2400065914745266 1.2400065914745266 
1.2123154396842537 0.11643544930253186 1.0646620199504102 0.5817169417953256 1.010147025199417 
1.5207728492561634 0.11227056601946378 0.6850919797489734 1.3218636712080425 1.3218636712080425 
0.6655600773239497 1.1638529999758382 1.1470028937179542 0.14089725591895372 1.0755990939440603 
0.755008201537345 0.8887069418279104 0.7338411822978025 0.19176967860907942 1.1400472152080905 
0.9223094254711242 1.1005831389213296 0.45830826836741956 0.29655468410089963 1.1784840600727222 
0.9532431769045884 1.033677797077094 0.31844272540174645 0.40984712543991414 1.1602860012061937 
0.7635531473571093 1.092444997040954 0.16472393589538237 0.6505682348420655 1.0552495067765464 
0.7299520952695376 1.1533476882864626 0.09911896486062496 1.13989329961279 1.2172720475984602 
0.7858768349045737 0.6795919943456042 1.0053826961228864 0.18756762367352367 1.148201237162195 
0.766415104233803 0.7326808208367432 0.7200694744396687 0.23526882089484702 1.0473542959014452 
0.9412172135051279 0.9282948638413835 0.3942046480853591 0.4084496525317313 1.0646549836976456 
0.7653182122961064 0.8136964419029383 0.24821397865983744 0.84638881242867 1.3581726277444885 
0.7725872233173064 0.6637672542227884 0.1871917600713657 1.096332650516139 1.1590128721321413 
0.9104354068149244 0.454942266491897 0.923850594340357 0.3086946279223439 1.1405684459121967 
0.9167907836174211 0.4046546682224367 0.8801936866703416 0.3672430551738597 1.1245632261803031 
0.8464828825176607 0.43352640653924857 0.37812525265906866 0.931476623332321 1.3061187598479882 
0.9288349120059293 0.4506744517268372 0.31176758133791627 1.250859185713239 1.2459527499328606 
0.8518188661354716 0.31137790967004964 1.1512855632899939 0.4288681583260403 1.0468907206672478 
0.7923061314827484 0.22530041485798294 0.7848636672249341 0.7950365171022418 1.199338728927329 
0.8038022886965276 0.17812894846648433 0.95630742772774 0.841723617527646 1.3174164700737885 
0.6585435826092711 0.20455215919458403 0.7535026799137103 1.1049108077279066 1.1900021242274341 
0.678225768124846 0.123292042227603 17.462556439686796 16.957384051130855 1.3168938492287818 
0.4810344769771721 1.1152762483910341 1.1218766567602576 0.23472771394342307 1.1345736134818036 
0.4388934634646297 1.1364444457206992 0.9682706720187443 0.29321291489975604 1.1312863047775976 
0.5227452197344143 1.140449414289678 0.523408032683462 0.53330881133458 0.9474875945508593 
0.4295610291542657 1.1340304331198765 0.3127960041802301 0.9510835528021475 1.2190649716355808 
0.4879478951155736 1.1289639987531486 0.23233334832580474 1.2695952665442742 1.2695952665442742 
0.43891930118920286 0.9047771375788164 1.021186864908746 0.3081288031193243 1.1472573689965033 
0.4753138301279285 0.8706651559326158 0.780960588101811 0.4775457785037361 1.1168343371468579 
0.4756980193431513 0.9705034999463493 0.4718592811721464 0.7147990510946028 1.0535906147370793 
0.4906730814764313 0.9657152226846356 0.2507337144144756 1.1644673931861846 1.326901895351522 
0.5468454836558071 0.535577567603041 0.8776006424589285 0.5366311114505208 1.1860260510452205 
0.4338513605925828 0.4102103890807761 0.8127026338426822 0.9022584349036096 1.3359440121421986 
0.557710429703819 0.5542349060779262 0.411758665479061 1.1333745773665755 1.2363990129731768 
0.4339673374487171 0.2913504854984335 0.9087735564576028 1.122617406800204 1.171018481113252 
0.5034900847055902 0.23037442654800724 18.604235224523322 18.834281443090525 1.3224473774579755 
0.3560983283057688 1.1316867143841611 1.0621573098764732 0.32359626802098557 1.0648255314936015 
0.31037640953568163 1.0044311907000383 0.8815232948254269 0.42901436239230734 1.1299468084612714 
0.31708219452731606 1.1371220189423348 0.4598852157015868 0.9702747040089679 1.2311449597529325 
0.3010488592886149 0.8911821698970125 1.0395906985363932 0.4482373519615917 1.0458570711670603 
0.2770880829048044 0.8159608543592177 0.7206328916973246 0.7258801884430577 1.3430164199123882 
0.32230664299978984 0.7582803721930998 0.4451609383714657 1.3079417440663486 1.2923075759733358 
0.3256041382075144 0.5184953984538814 1.0388919558105445 0.8643440114618886 1.2432757343408412 
0.24611667603706566 0.49140405183043917 0.8955565002153816 1.3965398789358074 1.3201907962229336 
0.3584137632041121 0.333769781786304 20.911224117725986 21.08768838158659 1.3132692143459637 
0.2517942576083515 1.1254592078536856 0.9622158096133548 0.5066943206043569 1.1315350151407408 
0.18214865761507232 1.1005038964033325 0.7432331378420176 0.6790714905009972 1.1159133934970826 
0.23443336796240768 0.9488033809526419 0.4856635005692364 1.207505836823934 1.233162556356252 
0.19617203160754484 0.8285600364041152 0.8800353413560533 0.8319044514994678 1.1594039542907133 
0.18120971574638534 0.7059884231464966 0.6908797754965147 1.276297932601975 1.2929186927468497 
0.12731412720771698 1.1083245970477096 1.1112862328785305 0.6303095295626576 1.028474376525328 
0.11901649330624142 1.2226482303575181 0.7023542000771311 1.266257250059512 1.2052240110580343 
0.12937334579716442 0.6805971196592118 16.431297726333405 16.29672305854517 1.2554627671993273 
2.3492936644958062 2.120667088111613 1.3268442052766578 0.13924551595832124 0.6946501076776377 
1.4511508607092543 1.3799246022577307 0.7160866427436232 0.18394117638579377 0.7113953608329986 
16.312729172593063 16.244858627930512 0.4772301605733817 0.26016638683530974 0.9743342250314667 
30.32072733668906 30.23474058859304 0.31512558055563006 0.38112936886355053 0.9367652249762579 
10.72612481183384 10.259802434292194 0.1779064056605099 0.7563912742125748 0.7492683933329323 
1.6492719524372697 1.5853596544159416 0.1285269143460832 1.0880324090116589 0.6726915345037068 
1.3332212092142266 0.8244647559515954 1.0209616875619754 0.16445841005075804 0.8106640120827885 
1.501523178013677 0.9082850500551154 0.708910740284569 0.261439372268764 0.7375751516349772 
1.0368848798023427 0.9818917476421887 0.4366848587629351 0.3773597971182109 0.9978043798010217 
0.9867932236239308 0.8635376781009538 0.25504688906391626 0.8644506397843168 0.8331013304763676 
1.2609871016096583 0.7482040299218714 0.18257547661445692 1.2101918122262227 0.7120100381656655 
1.255509224276736 0.37312508342796163 1.1912703934891682 0.3174810320243089 1.0152660946150325 
1.311663322666112 0.5058124469369 0.7806586802965979 0.45736441514498644 0.9847172262156336 
1.1240431083545082 0.4861138970240505 0.3188903166458741 1.0007387256365514 0.9918077021346992 
1.0281666552941735 0.4753735289548981 0.3193274691100935 1.1462469023740331 0.9146499230091502 
1.2792772010794577 0.3241502778173127 1.1336454021541293 0.37916246985298296 0.9895660728099135 
1.6843876553362964 0.20278673790079293 0.8596534668060175 0.8785430120603676 0.7316799062825131 
1.119091724710221 0.31830534515670433 0.47150098539088126 1.3854512577713838 0.9639097748809342 
1.644939526047103 0.1945279486193926 0.9733240340380128 0.8258985921271568 0.7548996787249996 
1.2554855987112035 0.15548791272045895 0.7858239418914461 1.2231591355122504 0.7761239301681067 
1.414092086325461 0.14058124977484715 1.2868264558469733 1.3226629286249798 0.6506496906473863 
0.8319749590236668 1.165883238937107 1.170498346376848 0.1679732630283161 0.837837262876463 
0.8372536732502057 0.8161064382147878 0.935664348731523 0.14627122986351546 0.9351047938233491 
1.0225782519756361 0.9247602239120476 0.38840123285627537 0.2946176213714622 1.0115287667757178 
0.7905946217474746 0.9237461493327538 0.24698264915333354 0.8047234106435774 0.8506363779560976 
0.619337306636904 1.2262153880131124 0.23607772708939415 1.1514581631297167 0.9413791555683823 
0.7689202518408467 0.8291979823619037 1.236817757569778 0.2921424571345896 0.9117973377559951 
0.6249909686974205 0.8504075729120038 0.8152766747877341 0.41625422503730103 0.8951468545774168 
0.7947129935168612 0.8164954267572828 0.29226157792276214 0.8804833179934115 0.9102062374325505 
0.8254602777099227 0.7526881894187577 0.26552104112333286 1.2383677799630173 0.712708004160656 
0.831569684152982 0.5181060101570695 1.06140834447159 0.4464813260104586 0.8577795648945626 
0.8636113995775907 0.35641999469678565 0.8215248926551896 0.5921905538776696 0.8801966512796092 
0.9625837633320984 0.46406043638914124 0.48838539033051126 1.4681046510399383 0.9825710141861803 
0.8159688444379114 0.22490719722336633 1.1055979695317046 0.8832019360019551 0.8704690343856952 
0.8258091609384902 0.26835205873599755 0.7396273269737692 1.087674432969344 0.9191431487984362 
0.7773338372719633 0.1968316075293295 1.419995746721354 1.5092260622952198 0.7505517433123372 
0.3713949370922538 1.1365419871875766 1.0708951965241191 0.299102076512899 1.0252575991336401 
0.4831378329864476 1.1950313285988696 0.879413271904935 0.3567262700982036 0.9699835165370628 
0.4900396127025439 0.8740013526596272 0.39173457527682787 0.9348784516664372 0.8698041481821965 
0.4513515883506897 1.0512271304790461 0.3169747744337647 1.0258837919205246 0.8993219122044496 
0.44120083579296737 0.9690507459743284 1.1355306836865005 0.42867239967890847 0.8692906081623625 
0.45001281704772683 0.8711759184370328 0.8346135981413288 0.5350833565214503 0.9282899363439922 
0.4078563567889953 0.9295480403552125 0.41685297898242774 1.0565297216513558 0.9374238391359999 
0.47302941753681105 0.38949389544217594 1.2422302478289062 0.8390937435439437 0.9354082140314302 
0.5090293263542249 0.40904510682060446 0.9513081550860139 0.8498695902359584 0.9037585421481527 
0.44641410736438575 0.29755051242049463 12.280651082141866 11.385501272828224 0.9809221853678953 
0.31172348509887865 1.131364441855757 1.1553685359117665 0.4650920801791664 0.9104983480275463 
0.23818544614841022 1.0621791807874856 0.8409751408121754 0.7575169095173261 0.8639955131466818 
0.33392637883326726 1.09585573580495 0.4931270116854978 0.8694829530429079 0.876243790779582 
0.3031635082498815 0.6734618564900758 1.0233282488154192 0.8577707981641957 0.9003589984647079 
0.2916469475451098 0.8852714114236544 0.7827946787712058 1.4765901542575026 0.793081092827838 
0.3066621842761169 0.45860325928692247 12.424354469925127 12.62044497833922 0.8850988885160057 
0.20111830875690734 1.1268281179551387 0.8808612360815584 0.7684547397982345 0.874576481839215 
0.20308936966980592 1.0939156089747577 0.8770635200042519 1.1304352479950128 0.6818350841716042 
0.1991380788727988 0.7868328542885613 1.46055939967985 1.5234470322965326 0.7577102585712457 
0.14379084720851687 1.1813993986141327 1.1516104208633802 1.0761690030656446 0.6942044025804502 
5.993655601489372 6.255569472588797 1.192740359981589 0.25876444240847457 0.5061322547482183 
1.9891442976060987 2.5944786873725065 0.9794598478571602 0.3205691787850691 0.511702371524844 
3.382896494112887 2.7738230029948614 0.5400305490336075 0.5307726629071963 0.535301092666251 
1.4317960803114513 1.5071068638548566 0.3323353053701407 0.9193146148672089 0.5078297190074366 
1.8317229387869458 1.7502353049922987 0.2570047266211081 1.2945544404467462 0.5079662336776255 
1.392988812595303 1.0850840467962386 1.0091521541373947 0.34467324450752296 0.5497689751242884 
1.079674296504195 0.9305292253114834 0.9604780783571473 0.4912821380211056 0.39459037012588216 
1.1841977171797236 0.9155107140966338 0.409779525329905 0.8896823690924376 0.4710289755082773 
1.422195761724629 1.0348660163905958 0.3478767136985142 1.364118039669743 0.4357605653457955 
1.2094418432447163 0.6107464805531682 1.183629717921098 0.5901392529872928 0.43906276965148194 
1.0056916289432904 0.4761758207647756 0.9975628042020996 0.9432783923655024 0.28191692046449135 
1.3044825101577069 0.547843230254091 0.5944274708747044 1.3301229938933148 0.5537154619650851 
1.2785059213996928 0.3544680800260283 1.2403357511750646 1.026433235662978 0.42945251747902774 
1.2722110865952476 0.34321095513955313 0.9936497936188774 1.3072229144956138 0.4608218335953328 
1.5300233026046768 0.25839237002632776 1.959282320769628 2.0881093934631716 0.5387864764092323 
0.9749612353460296 1.2318889539959128 1.2259397433672494 0.33972943615740486 0.483485786681368 
0.8833456017632855 1.191484431637259 0.9101388954545145 0.4741586561886164 0.49181422235004024 
0.9520576416642864 1.0644395720288085 0.464218382333638 0.9368176958327843 0.4051071184126953 
0.9990955103984095 1.2341764020668462 0.34314453555377744 1.2637039451884575 0.487222268339429 
0.9754444973767865 0.9754607714408915 1.1640285738742966 0.44796833644470635 0.2211945286244321 
0.8126809611287467 0.7879707795006291 0.747581087315799 0.8286966267707672 0.3524223256462995 
0.9594610253334966 0.923022390100806 0.46515863237356414 1.2700769417509008 0.38314360983377166 
0.9498096320014303 0.4682078942973626 1.1116337028944578 0.961908568023603 0.2671945569270041 
0.7440309702322241 0.48505464747395116 0.8709939758393065 1.3607507749780858 0.47493735599070197 
0.9779122236611606 0.342881514088385 1.3365665317886486 1.4112333396127068 0.5102513980489602 
0.6078008622983623 1.1990860043393492 1.2282945675793508 0.5476512503379434 0.5245408888400851 
0.5007605496348151 1.1198981267619519 0.9269288786668193 0.947056506594281 0.4323645443857896 
0.4519006643481267 1.1388147780051887 0.6060143001630609 1.126352374911301 0.6153474546083804 
0.49075193112441273 0.9580110561130288 1.129630188833863 0.7748477438267899 0.4219629334551056 
0.4644088698639624 0.959882532521276 0.904965351024018 1.3243392707707335 0.47624307778703084 
0.5542432098514297 0.5679311322803273 4.353804998025202 4.530005315419167 0.5535215321282371 
0.3540889254665921 1.2569421278516035 1.2207770206083248 0.9062713114785008 0.48401402020835566 
0.3421164858384974 1.3159214751171575 1.010873516192252 1.2875193852738043 0.4610917665485247 
0.3288042768299489 0.9235754255374959 3.6468526523425924 4.3300164232879155 0.5164896708808226 
0.2724916514063498 1.5214783460832253 1.7197899022801078 1.7227186422313943 0.548325452360406 
2.648332535959368 2.660850699933487 1.2222933972223187 0.3459713910196598 0.35644114427108164 
1.2777309063648148 1.293311643086512 0.9030956995379807 0.4426821202074996 0.2245526920606315 
1.3859291588778153 1.3339384924183944 0.3609689456241128 1.3381483840915263 0.3575938157105031 
1.1266807505306065 0.9013149350826595 1.1432845757025905 0.44785069513146786 0.22359266653314894 
1.1385559186033785 0.7460682812841987 0.7619648391664162 0.6992011232700697 0.23997047868877547 
1.1713339191108003 0.9622902766154616 0.4686962013055224 1.1571205612095812 0.2598976720555526 
1.1965304779479728 0.4583022642432051 1.202521640977548 0.8740435232848486 0.30218318838237374 
0.9117377857034981 0.48323897594542314 0.9769949328204617 1.2237062417359064 0.2905172446968763 
1.2644953609957648 0.3610525571530883 1.465894801164206 1.469368573560024 0.36158616045597 
0.8914948333067689 1.1631931893244245 1.187538963059536 0.44988310404669596 0.2896871893539252 
0.71564357153947 1.139479788529764 0.6946993138684193 0.7132304431517285 0.23428194018877574 
0.9371407539208592 1.1290647507794271 0.47854843982251755 1.304142623599188 0.32074500714562065 
0.7400155230786218 0.7171147354919535 1.1582978525728387 0.7235657480547516 0.24277170804483975 
0.732004874189507 0.7196349346928356 0.7526622433453964 1.1013509810104363 0.2345257130400104 
0.5101219483587794 1.1127656168187448 1.145665349242049 0.9337599630073853 0.2913298326777598 
0.4705592334169441 1.177134002579351 0.9374847671706386 1.3225384562545184 0.3085866604327418 
0.4594382200669892 0.9179461416065228 1.2151190861333108 1.2978227204892392 0.30183742446710266 
0.3752591847004519 1.303755512790259 1.2258882713484933 1.2400043153786124 0.3632389107057977 
1.2381562161817248 1.210959968243041 1.172836493026881 0.43521542979518957 0.20523683184939395 
1.4109765222046808 1.3647645281884775 0.6910597216855106 0.7420531623416862 0.19252829920412656 
0.9527927155089463 0.6912448619802081 1.2604252446364121 0.7911452779171313 0.19196236067495648 
0.9511462024350795 0.7908285929391324 0.753418912429712 1.2148470554646538 0.2069778004543467 
1.1015240058090814 0.43293092015463525 1.2911504938550413 1.2403576705456356 0.22139049394003557 
0.8094510521040731 1.3446481938973165 1.3504103941101104 0.7970792288786188 0.2036203588202315 
0.7984315091606787 1.028873630475051 0.8207514527566713 1.2675215872134962 0.20398262171232806 
0.7712154061605534 0.7422525338680378 1.1609668622889953 1.3428577967236348 0.18522495866918534 
0.4325976964453861 1.0769420312604374 1.0623928515485923 1.0580284629846415 0.22112026404981844 
2.4531346438557478 2.4167895709256872 1.3212502847437688 0.6469473931636149 0.13453779975159674 
2.725941482085239 2.664921824905667 0.6544902145618804 1.313829793466651 0.14917127444576936 
1.3913198612229385 0.7143475560850863 1.2756044076031048 1.423873745465037 0.1420945170205327 
0.7105858329778176 1.2983164766489421 1.6908642408704473 1.6503301807782358 0.1416236095154309 
2.6626344539573337 2.609887816392864 2.0600818314525613 2.190848545713119 0.0 
1.2023541216178097 1.114642762307996 0.0 1.1616238032490438 1.1616238032490438 
116.55942516212026 116.49915993105772 1.193066400840788 0.0 1.2384130173818912 
1.3984081277414215 0.0 54.19927815691221 54.37320337349441 1.30150882268796 
1.3102663017520284 3.782047350411439E-4 50.21994850676134 50.3358691574109 1.2519351874564022 
1.3852374968634196 3.9520867337657876E-4 48.47404603660097 48.34763418643114 1.0091329348773002 
159.09942163625834 159.07812572582904 1.1914000654974655 1.1946152583400888E-5 0.99991436208111 
1.1865956464642429 0.011258354677407975 54.56447044762529 55.97209581970752 1.2410413900618313 
2.1070009902250475 0.0343035934652554 17.623133620448115 17.76839362271978 0.9132410821989546 
1.3970435813541675 6.866325712189241E-5 61.51612187367479 61.557695394159005 1.079096993650909 
151.90676268891696 151.99247472903787 1.0961063605313603 0.0019479084683559345 0.9805738721291388 
53.5889341989069 9.291817470969843E-10 24.82335777491813 24.853551926279025 1.1575912754178117 
148.14914844990594 148.08565895307677 1.171395139518259 3.115258960348416E-4 0.9810019815718173 
63.4991800578213 1.1014361598554317E-9 28.20283193333419 28.211228108872085 1.1386879774504866 
16.26915687438815 0.016154368303809827 34.08488858942993 34.85435964055843 0.9885670930304594 
1.693425394988444 1.8262885031981927E-6 45.52769492393823 45.47014741822972 1.0153405486372802 
62.183354280206466 2.1612508697910446E-10 13.748001378085664 13.870999567150678 1.2437668274034288 
1.1225756059364715 0.010088665879897672 30.119875340572083 31.136103091589547 1.4469568018118786 
64.67632409628298 64.60769181808742 7.592338622321527E-9 10.99888380720201 1.0190225862205395 
1.3422098697742078 3.7266068428979657E-4 59.81568658234709 59.962485237970554 1.2801944302952517 
0.03352538557502716 1.1388388311357305 63.377762577210916 63.5414714610433 1.0082221222335859 
35.78112192100758 35.709357559329796 4.456833694020003 0.029367064480933132 0.9427951585733453 
7.4583274751049 0.0012898233358865072 12.156692983091805 12.005078263050345 1.0071222756798257 
143.22951710989756 143.16168853855288 4.7178659435774515 9.440929195494365E-6 1.0024043174883437 
113.99297256221466 113.9254222877921 2.739625253317672 5.375246074769931E-6 1.0038029780104365 
0.045583271700247195 0.9159705162384276 46.90955454042538 47.02480778137312 1.1891284251865857 
38.55358906362327 38.48044851249862 7.573314577714998 4.870499812931554E-12 1.4831784945902844 
0.3147115577856576 1.6134601897253373 1.477307820408648 1.8685260375807193 0.5700505211563633 
108.28725539984445 108.19958615407832 10.869948164669376 3.1773698158335767E-4 0.9981424356120275 
89.41376353654935 89.34191312367189 12.741886248971015 1.5642995136447592E-10 1.013930517186689 
1.2909282343731416 3.743090444785885E-4 56.9194981722876 57.024576805503095 1.2366347301075242 
1.5851201034497728 4.327818252630676E-8 58.95647734399646 59.05426658787816 1.225691636891775 
136.84639325190798 136.77848645303754 1.374068479256442 6.99321387126733E-7 1.0049505203218823 
47.39751831964545 47.30826646889097 15.34556307868161 4.513698471136095E-4 0.9998804664244517 
139.0508711226572 139.00582382016376 1.29026426906402 1.1838742939317386E-6 1.0082062093258584 
0.11429659694040252 2.4708639860639203 14.6925075862344 15.50676806045331 0.8688546571183026 
1.679515128867195 2.3531879891450285E-14 41.308141191334876 41.244884591496586 1.0537427399078831 
1.4036237922620187 6.45800836015737E-5 60.74734500359043 60.79065734097286 1.0788673530409654 
17.51073009633273 17.457567923993476 16.731819501851113 3.8278820368783825E-4 1.0018388998624874 
2.1848474963478437 0.012448862774459248 35.63256013600865 35.72515042725273 0.9542227462945485 
52.02342785579936 52.01722788200743 2.8344965521875285E-12 16.817916475011064 1.0689601326522813 
38.417375795943116 6.117246931469067E-11 27.742596895527598 28.08376850591622 1.4684562830974217 
106.97809762340653 106.8889820630841 2.9538868510614718 8.372914703705576E-5 0.9981966413513478 
102.10679055180086 102.03783632173332 5.1348223527134005 9.057069779403167E-9 1.00625059806856 
1.5600881943180236 0.8857531284614518 0.6474481302105481 0.8388185899522006 0.3596531380097752 
49.58094334227407 50.336949064729936 0.0035848081911023246 7.570595929643641 0.9844336205782372 
135.01277375987496 134.94128802631081 2.496008117517755 4.872325959245267E-6 1.0032782631813042 
93.5222619169706 93.55881738395026 2.4086573238620206 0.0027287394515815686 0.9702232436535573 
48.082012850452365 2.1613108045009072E-7 23.00634260974844 23.084364053946835 1.2055198040456157 
104.60661452680121 104.55960897817161 1.2495212594569496 3.9783234074741155E-4 0.989727026620113 
28.804364268076323 28.740183627485223 12.072736697762254 0.003603972590535797 0.9868212347908148 
124.21870549696685 124.11983857581373 1.1594896476128977 3.5072100168167354E-4 0.99259716923649 
1.5428482105104684 2.7608882053345468E-5 30.219795422157475 30.40583277334445 1.2283647645359994 
3.560109996664232 5.500622684242437E-4 40.15919231230832 40.041045158945906 1.0091900270717153 
45.61516396889379 45.52437742343987 4.4355501324390225 0.029273245317146087 0.9501957706793743 
6.344130688889798 6.221256068943653 0.5148180465829364 0.8707729805190711 0.4564331104937078 
1.6885865054635314 7.017559301261223E-5 47.560554421017535 47.07221150624521 1.015446622812454 
140.9195172252877 140.99040226689627 1.1094184045956534 0.0018565104745424997 0.9820457709565408 
1.3447081240663625 1.791153056901947 0.6298383726350198 0.7841918073854071 0.2856206748392268 
2.5287339645732065 8.040367150619049E-4 43.36274505278642 43.236261850459734 1.0014385848642526 
4.943917884228015E-4 40.20025097249942 18.375575808721663 18.334419763576694 1.0052123715611063 
2.17939137556052 0.012318816850017511 38.39534623253919 38.39991698276796 0.9553530711353894 
14.66147202098934 14.583365828038389 31.893008332549904 0.05545627728897008 0.9642724325511552 
63.102816756249545 63.02653652932086 12.44578747649277 7.368959838852743E-13 1.2330900317223836 
1.257433922275732 0.2908318007095313 6.449790785230441 6.543657475098557 0.524637238349763 
127.86958092277965 127.81074235026334 4.657755821925802 7.081138251091291E-6 1.0035632862315638 
90.52399223485362 90.462107450144 1.2607966932636474 3.991109447502278E-4 0.9823721123478696 
1.6259924471480818 0.0026723578227146254 37.83232438094985 37.731481307332395 1.012231218173895 
6.423601861365219 6.595225372010204 1.0451903775294784 0.35837823812735564 0.40812757282091233 
30.58487908523051 29.48843945025283 0.004443307306403772 7.247543540673869 1.0018656604972658 
52.43899341807903 1.2802407561015623E-8 25.59151653295803 25.6872403137621 1.2230678985887338 
17.125797239539924 17.623265809217195 0.1127455285295868 3.2799131283456266 0.9239744419810738 
2.606427075384037 2.5542431366094878 1.470695320633162 0.7785122814976061 0.1147070966527844 
0.5109856887285333 0.21427697701998932 25.719185209825316 26.031658911828423 1.4049010699380233 
0.5247607798807723 0.22660487812715024 44.04990200971014 44.109285185614254 1.173640792622872 
0.04577627106605119 0.9665578419552183 41.541475804679415 41.77630019589317 1.3087696064996952 
20.597504299473364 1.0849728070234352E-6 27.19047945279299 27.135379189873593 1.0575752799732008 
140.7782488247571 126.68287457129709 0.6384043550085485 0.11866736916035882 1.0048717405446672 
122.47835409990742 108.97514069010559 0.8084572786469298 0.15790004290102355 0.9853408680159956 
34.58486623573368 34.54429093066195 22.191692805022985 0.03836242738535391 0.9651630926350009 
128.4781762186845 128.4167978937022 2.6452227547686036 8.205237966236316E-6 1.0029981037411455 
132.8456474522507 132.7649394640964 1.2911710820747575 7.662493295858202E-5 0.9991431480835334 
32.736315481342444 3.026865424232343E-7 19.490021305991096 19.641859572706323 1.2923028857884236 
6.423601861365219 6.595225372010204 1.057524028063536 0.3591586672664531 0.40412746576411424 
13.714409970345912 0.0 36.45384101038505 36.470137763096716 1.1400592298158565 
27.565939879902622 27.292252640534006 0.0021848034351701667 26.993925735737808 0.99980326411866 
24.010822102258555 23.706659619123226 0.03363343167389343 16.066088758816523 0.9676886896568611 
145.6091225419307 145.55242731885028 1.1916427611474896 3.440341338316406E-6 1.0036462008773879 
3.736110504050218 5.947657211082138E-4 39.943902322519456 39.7131864859967 1.0086889861540473 
100.19035259116042 100.09203399888324 1.218102292946689 4.914533730823915E-7 1.0149568516591057 
103.49846831202801 103.43975501279017 5.172333664981387 7.931403092690515E-6 1.004020549101954 
151.1262053539113 151.2191887966738 1.0914439564098726 0.0019238754141665325 0.9807568577740913 
33.150604359699095 33.06970971481521 3.2115302318531434E-7 14.253332954792915 1.0755913752613948 
25.78345671292035 25.655201761160193 4.0889711850600784E-8 28.999272827494888 1.059645194905284 
60.994912293279434 60.87869008029734 14.025110618690071 3.1318280838672915E-4 0.9995720218732719 
112.00551155577246 111.91990575838612 1.2380976900699523 5.531469164539806E-9 1.0091462405599394 
2.0159298169936313 1.747998733716274 6.177234067037283 5.680167239730573 0.017577317919217305 
5.155607471408664E-4 2.184962265282371 31.55061649594474 32.196798654094614 1.12083580586439 
50.88668401994795 49.74632339939018 7.261073186625783E-4 2.8905976300473557 1.0099021489095636 
145.46472091225718 145.3995067007093 1.2091750218404247 3.649381295328502E-6 1.0037791743768905 
2.7470522121139282 3.165890446609748E-5 44.79934874858885 44.901717030732726 1.0338624905989828 
2.6079136211408134 2.551891649340515 1.679943994272489 1.0013306222379093 0.09643333450156508 
2.2487852430461424E-6 13.142605209037582 36.31908347617484 36.21372643345148 1.007813921870996 
44.391117783569285 1.2022144757413165E-6 10.112769645124864 10.200119561676434 1.2138810823249961 
1.3736407028277062 2.7057676677835134E-4 58.275303184385116 58.25403655451183 1.0280131044705636 
1.2436281026234963 7.697851462379414E-4 16.218144042470335 16.23352248652803 1.1007537625910033 
8.85178001828613 8.70947936943763 4.962026160923064E-4 9.200006474832868 1.0149252403788562 
80.21535063085791 80.69886132319367 6.183640641868697 0.007215401133612696 0.973069882871699 
112.07941072188176 112.01051155450111 6.130758332127772 1.2654754688957648E-5 1.0037468399995784 
0.5746192946495952 0.2635280209718468 37.09705099871266 37.19093869263652 1.2537133344461222 
67.89230268624604 67.82958742613624 8.641566649534072 5.311116782398009E-12 1.0890195471860067 
134.0874158761375 131.37154094668364 1.03173394903479 0.007542762756211325 1.2080576565762817 
24.564639939968494 24.506638243720932 9.509529221290177E-6 28.005065261145766 1.0095815006536906 
1.748599407634228 0.0011901079020259586 26.755811393897172 27.38547146736063 1.0592313274353895 
1.453218064858979 0.0 44.4376686892815 44.61232214458986 1.301948024425457 
42.365646095672204 3.1465718970759125E-6 26.431636555601134 26.512145771649287 1.204623798192458 
131.78512037413816 131.7158857354626 1.2192002449441701 0.0 1.2376694818656027 
10.90617314358289 0.18405982573965363 0.939704922457311 1.0229557957052344 1.0058105458847617 
1.162053557356715 1.072554703989873 11.784441923613251 0.13791959821881378 1.0577270106610082 
1.2002235873901257 1.1344637297838207 0.0809687924491904 12.665388743276786 1.0696699605892834 
0.5177084986556183 0.539080611879271 2.474225525100404 2.5524309672195287 0.600795263476506 
0.5653935611654919 0.9929301736916594 1.4600303348026067 2.2554695309652826 0.2359401015073641 
0.5310911507394352 0.9840150051473093 2.1988392451489185 1.4852402116674452 0.23598014252222288 
0.41853082421093724 1.0571903647387304 1.0466159772114598 1.0499816174871404 0.23320900930163377 
0.465254406274989 2.0715404463275204 0.9602004675324239 1.3057414681510822 0.5094492123127464 
0.001075535248251923 4.982177651083316 2.7129005090539478 2.564370471723116 1.004434234162275 
0.03581998489347384 5.2672596531157545 1.0527295753568766 1.028619591255838 1.0027712791861614 
0.06482814770297814 8.55816117636167 1.0304942535632915 1.0403924976976877 1.0195549397144787 
0.050459321364032014 7.729652017661895 1.0659883716222047 1.03852004996644 0.9905155788763907 
0.8735923692300491 0.6210758246532996 1.4621762471060245 2.262061074047644 0.23590428957655504 
0.8874160369365985 0.5698814657309261 2.192124833027502 1.4716494769137218 0.23545699466967387 
1.4818590152297455 1.4475046441509296 0.050077258859808994 5.588212461199984 0.9443001884470502 
0.632881661976874 0.6344089146002461 1.0943165930796717 1.0550411997540023 0.2203136887601184 
0.7659463414491289 0.7611258748486366 1.5757674692783465 0.8390610185207019 0.23432579380193014 
2.5106366946828826 2.5562211713061913 0.038147541685746085 4.208799792343417 1.0212312330927715 
0.6460469589564656 1.0748541129199602 0.6212066778509223 1.0481130894980621 0.22205226652251608 
0.6144526158842003 1.1204003384801942 1.1124110630788067 0.6035677543071585 0.22124413829716508 
0.8513472914100955 1.4675489904124752 0.799258902017169 0.7086497221121022 0.22122474258338248 
1.034854920376257 0.42989091471527285 1.071325778633619 1.0513094342089904 0.23291193637224736 
1.1103350804033838 0.6745592815399828 0.6203066277361994 1.0584645166082776 0.22144024274980245 
1.1017495816441596 0.6310239135413265 1.1015564671022913 0.5980044163876823 0.22128637642839036 
1.035417206955474 1.0450411817178729 0.43258805354587426 1.035390957301605 0.23072521052518435 
1.110894372506962 1.0773567047858954 0.6409760110324736 0.603077323161222 0.22177302615747602 
1.0137716372346883 1.0058311889757363 1.0116645872932921 0.43575486416250553 0.22200878233392582 
1.5646906809853163 2.118770475451794 0.8513969382820126 0.4060736534518168 0.5120653643726455 
1.484746867738546 0.8417314055303933 0.8224361612597808 0.660423709667723 0.23337474518856582 
2.1721696043077263 1.520900374345094 0.8494198111579638 0.4040985061508286 0.5105131245607734 
2.7967914393884747 2.773995560517499 0.6055747436586609 0.6617717433273291 0.4874399373716263 
4.3153538328301355 2.365293341232312 0.6368058941044195 0.44662994835410785 0.6966176503058901 
0.26804272432313714 0.5018203696250606 1.8015487080230823 2.4575622564798105 1.1161190465148336 
0.24323465224193155 0.6619106372889016 5.007248250225368 3.076683440888061 1.0873615192373036 
1.1809958252505808 1.0657881195016738 8.910666475556724 0.024727965565071293 1.434190244752235 
0.29111747735802734 0.8569737207007201 0.9293094707114882 1.7248644625854481 0.7938365555399554 
0.184135576414225 0.7974906150252011 1.3099851896452896 1.3612172353360108 0.7514953384453303 
0.3579732024418667 0.9496575663304989 1.9226540968507309 0.9143189194932431 0.7340717196646487 
0.24272982983535302 1.1733881489812923 0.7193815000095658 1.2541302231202385 0.7154409891599822 
0.2856822964725783 1.2697413655269703 1.2825142521124562 0.7205187054110506 0.8182038136363562 
0.03931614396027331 2.7260155188518747 1.053541807615912 0.877065101666156 1.016996480606982 
0.2410048263360213 4.322191283892661 0.7718772629616913 1.03575599095628 1.0102882145579686 
0.44703840627755276 3.898856079000357 0.8296430849337209 0.6741816393986165 1.0127433622402462 
0.8815833792498546 0.30444267149793697 0.92887660402198 1.787024074629503 0.8291319104389521 
0.8018091520866093 0.1765333103405065 1.432629705280025 1.4742041582982952 0.7493341355677194 
1.1806239685622155 1.0665600558899357 5.7954622202857475 0.01507065923990132 1.0821481980760725 
1.15673485505831 1.0993215164561563 0.001627741692940317 3.4597810657817485 1.145998848115006 
0.6417628324247946 0.5777983168533618 0.5904708130974109 1.0964491052473222 0.6535625284599692 
0.6839346583364166 0.6544218101884463 1.3562948436336688 0.6801716662041224 0.7005826344915319 
1.084380677499235 1.1321411880066545 3.2165585240746473 0.004167940104518314 1.0347218032621628 
0.6344495663781904 1.1216007344007533 0.2741004045238568 1.1097492095359414 0.650180075480477 
0.6851225989766961 1.3133203966224372 0.6798081457031365 0.6665788041326653 0.6455694595493332 
0.8062784477981875 1.336339108364307 1.304215433623625 0.21980229096093815 0.734197885279005 
0.8113691621261602 1.9172751400255434 0.3720899892579588 0.8525917003485486 0.7318325075947614 
0.7676656749229274 1.9095815315626807 0.9521631143272974 0.35605043762919486 0.7320736682403156 
1.2681248503706526 0.1550947282602168 0.7869429655382637 1.22646058271788 0.777307716528398 
1.3154350374627424 0.24309496305971132 1.233108401891038 0.7441983838558606 0.7141342795830897 
1.3083583358684907 0.6497147188106445 0.6511534442646906 0.6557722015576354 0.6998650717723791 
1.2589244331796554 0.819713143613587 1.3199342051929437 0.19612262864007443 0.699950181112796 
1.5125276385023951 1.44813092038238 0.1191218327498501 0.8448434221906345 0.7127747715454373 
1.356053164751076 1.287931223604698 0.7107374877746193 0.18249570473583465 0.7122931162979202 
1.406896830566217 1.9088494040274882 0.46874417382493105 0.3729666498818218 0.7328607310465737 
2.725785270185687 0.07470493449319897 0.9074507534156724 1.0244235150116423 1.005679534696098 
1.9419061219030296 0.7388518658666121 0.3777878285721515 0.8088106252651844 0.7315992155915819 
1.5943542739848184 0.9158130046575769 0.7189131875117336 0.2634212971827822 0.7288290919468616 
1.7775695642333684 1.2089846072719748 0.44286046978939947 0.3817702541625096 0.7379344565708622 
4.581954490940323 0.2379065411999763 0.7788385730840883 1.0464168837274288 1.0091257736389698 
4.076015884626072 0.886130159101532 0.5925206252400044 0.6528393825526355 1.0122292115134015 
0.41830238675787046 0.27772736629243383 1.0365514693054736 1.009523195911048 1.0156238838639708 
0.24166011875861196 0.6634634238793383 1.0644252428637775 0.621042986808186 1.0445156716259258 
0.36415008606198146 1.1458021502113747 0.32584100071676864 1.1003405879111023 1.0969492961523473 
0.18802190801153104 1.0967758300026211 0.6815654164809498 0.6440820379586415 1.0449117776891965 
0.2821671481158002 1.072611390145722 1.0261952545000292 0.37818651213810833 1.0237317895816025 
0.6411492594814033 0.2365255206015577 0.681106962908915 1.1100039440592293 1.1389029620650617 
0.6056279453812804 0.28046994480798143 1.0062277683615295 0.5733889187979243 1.0102461117396244 
0.770943393886386 0.6557430761099277 0.1824516182983201 1.2570958770276004 1.2782870353099356 
0.602999976174427 0.5859856719173206 0.5628216857671255 0.5525429816064795 1.1628475662410789 
0.7079243654608117 0.5916506983444122 1.069914670815655 0.23088381952576414 1.0194798020570481 
0.7257836459222751 1.113529386011736 0.2166042634512391 0.5895991077168513 1.038185577867813 
0.6220372644312853 1.1119968532492366 0.6687354886315504 0.22960618389555673 1.0189971302915142 
1.0970920883829776 0.3728639947481657 0.3019875375415564 1.0815503739140637 1.0559848826272251 
1.0788468121049757 0.18202758803572555 0.6814736561912791 0.6186833126665983 1.0095580612214374 
1.1220573277876127 0.3608616400193219 1.0426733093337555 0.2810123611969123 1.0322740803234909 
1.1557247587555066 0.5965287002356032 0.6364868315576933 0.22959444813227955 1.0624659423524465 
0.9614059178461888 1.0046512422727591 0.38707975601412936 0.294635685902819 1.0139060289225659 
0.6023700953702137 0.6061756386058907 0.5911056099029197 0.49962339742385425 1.0463075054635287 
0.5676519661515987 0.5513309595611882 0.5271817567466266 0.5894547601519421 1.0276669644299254 
1.210474076804601 0.32698849094416527 1.0572555266143837 0.3232016984124928 1.0637714113799275 
0.47859605187398824 0.47667085380233604 1.064484409380493 0.48668062698546044 1.0162068867715035 
0.5100832139526059 0.7253051520765212 0.5396392562271612 0.47795364476842905 1.0188051580554698 
1.1011269137975854 0.6313281063123638 1.1027281828384565 0.598023896326385 0.22128284995357117 
1.1255530224525845 0.6264107952850178 1.1030165267075638 0.5902793380190835 0.23313499196407508 
0.6972476406523904 0.6626375201153463 1.2668247423730843 0.6180827805762985 0.6749962809655025 
1.2752072298488182 0.8524677630612075 1.1358123559711875 0.03692143535273208 1.0738834557691934 
1.0388919205747758 1.0068186432104262 1.2161987189083525 0.027826249840062912 1.2123460729379685 
1.385890306480184 0.03873076666021163 1.3044091476484796 0.9843605908681832 1.0243504436407793 
1.1776455063458366 1.0476865305322405 0.6404596994918293 0.600975685047892 0.22235510741510942 
1.2116151711768701 1.0787405977114937 1.1023906344558159 3.0255453334151843E-4 1.0154217077031247 
1.1066132995433284 1.1054630478525316 0.43185666264305705 1.042443990773802 0.23232297761062096 
0.8988793671922157 1.1078695048394733 1.0505031037530717 0.04505528362007991 1.1147072043931339 
1.204616533667297 1.1123306268041482 0.3743157545333857 0.3106699755023769 1.0933539535785506 
0.6291308621211389 0.6267283162201014 1.088639321498131 1.0605362103490488 0.23386234192549638 
0.787649706831415 1.1155732486134844 0.06637392635082459 1.043872102476447 1.0944784919629995 
0.6129206424037712 1.118427047848934 1.114362515937012 0.6063195888992439 0.2212432094035865 
1.2226922422265045 0.06425995754445828 1.0800148273960575 1.0663611132934334 0.9418635979661915 
1.0248271230110573 0.02341717531685549 1.0742059849907661 1.0710207245220733 1.0969811507534548 
0.4140217867165239 1.1255365622985742 1.0490739550222248 1.052711773836525 0.2331732672588269 
0.0658084260248849 1.1037205701753385 0.7730846357110762 1.0746110179054065 1.1202920417452256 
0.6427062439066855 1.1320336272096885 0.6167531106517359 1.064720495493839 0.23382624292112822 
0.039268558146340844 1.1361585961966427 1.2063777900445614 0.9189191252134078 0.9818959039929864 
0.4967876116070992 0.5012518621734459 0.4722258443465852 1.0979341681654071 1.1491061734232253 
0.03707835146665709 1.181738247731368 1.032853317603386 0.8259156132845047 1.0529390688233826 
0.0017304509782309486 1.090189993745643 1.1372689703546808 1.1554685894500192 1.1658120571105046 
1.201120141452265 1.1666351560195263 3.478800612714449E-4 1.1584163636280882 1.0333676004641748 
0.33635042723353165 1.0724994986016438 0.3620391919731986 1.2000697817963217 1.0502147246355673 
0.3420648000730511 0.36071934073193374 0.9869658053919184 1.2394619570551708 1.297647618283054 
0.9594420494791948 1.063362244037818 0.05615914388095784 1.3156190427836498 1.1048970874518809 
0.05895091255772775 1.1534655193681347 1.2215909662154896 1.4022477226701064 0.896833799865086 
1.5271931041557092 1.4771963233428207 1.1494014133267232 1.2119080422773305 0.04832685691424993 
0.6268089682543407 0.6327260681517197 1.5338062081571013 1.5468857118106836 0.23318329823710437 
1.6330669574860137 1.73396757486441 1.2284443098946662 1.198479707116027 0.039111801178421744 
1.0418363836392708 0.9901307085182033 1.615113289147188 1.7900315474494048 0.035590524339393394 
3.5939149643100032 4.099406785883332 1.195400579605793 0.40118073816909094 0.3052916856965298 
1.160011887344265 0.537099114757853 0.5287840587740585 0.36387318572608457 1.107156748324987 
0.5211579946852303 0.7231918560689812 0.5404618668002309 0.47804649459317955 1.0188021661229094 
0.508562857554405 0.4975959868183032 1.090663166547265 0.4819442066074846 1.1530687436324956 
1.053195574140082 0.8529553372554767 1.42112737395325 0.24261459072478586 0.8014847618733122 
1.1507311783557197 1.0459732238709878 0.644718015046384 0.6050063236388891 0.22143681128058443 
1.050478203856515 1.0554921384910385 0.42973543331433006 1.044279986352996 0.2338046584952395 
0.41656359839120455 1.0625031533844667 1.0805276236413195 1.0472848925832832 0.23338047461598835 
0.6328808756844132 0.6374954878963857 1.089823903702265 1.047518792287492 0.22091346256467737 
0.9430653111826295 1.100709721455083 0.37405180639699714 0.3134475702614816 1.0659797510215803 
1.552495126151109 0.018983559191000626 1.1053159533748504 1.0673168104711173 1.0069797488500771 
1.0991763379750101 0.331595454357367 0.3602621341494272 1.0792053919885294 1.1197059607884463 
0.006846587902182091 1.1345177949932155 1.0185561189070897 1.026733231539116 1.037479428686209 
0.9488309110842168 1.1356643201227006 1.3040811168620539 0.039182281765832216 1.1923414374182895 
0.6431646918213632 1.1421155098753941 0.6158350329901117 1.0472391904061398 0.23289460496087525 
1.190480239790405 1.1428100024788024 1.1373583919749322 0.00119671652722691 1.0179138316109908 
0.36008146949097997 1.1462019345427918 1.1199735138496347 0.3381201428771491 1.0362211910187982 
1.132410644461873 1.0874851106378967 0.004630809337619186 1.0966353691335446 1.1589743966026869 
0.00883619578570231 1.1671063294548034 1.0166981458904463 0.9611184386953961 1.021833037192296 
0.6619358146979095 1.1677230890849801 1.117069390446202 0.6036626740030779 0.22122145971429047 
1.0122918561874363 0.42998815524488165 1.1228654628364172 1.1157254405779229 0.2348118278879207 
0.4975527018017943 0.5041629639866433 0.47856851299427633 1.126235983220117 1.1439451936532297 
1.2226882290650913 0.7894568671823344 0.09199684732519868 1.1540488572174075 1.048226215891718 
0.96091817733291 1.0642509032916778 0.0666731427714365 1.1899829414881922 1.0735120832756748 
0.3593296104105711 1.1398327426198862 0.32874809733340693 1.2000002896109139 1.1975291589165904 
1.1249251333718915 0.018230294290330115 1.1893296112060732 1.2114351807264627 1.0094197157436073 
1.0456938542922793 0.014210239363566335 1.0135890170628628 1.2481104166553962 1.2458701582944918 
1.3077713443620493 1.3092427034946563 1.1555833877265838 0.41803257438039526 0.22002839762412568 
0.009656026272939757 1.5755941626317547 1.0357523135968754 1.0124133555585157 1.0157719302334198 
0.02277951039245953 1.6182388263180325 1.0457476354983348 0.8786358318492413 1.0181481753369215 
0.3419972854462041 0.3643315285549663 3.8589239384432776 3.97814259415966 1.140145079345649 
1.3683456570176302 0.5544294129682085 0.4990220759538143 0.4727902483451982 1.2141499924117893 
0.6544505545620145 0.3524971039901025 0.7084953402663458 0.5728508670435687 1.0072681449217369 
0.4643039090593375 0.4787440358615532 1.035146935468725 0.5128512279260106 1.0754608694168966 
0.34197738164870867 0.3668113260672803 1.142684359636557 0.9427556281182741 1.0829831287146185 
1.2438788163050198 1.059679433427837 1.1519742330851126 0.0025899944411084206 1.0337623248385694 
1.0676351312492072 0.34532651924824315 0.3612281603064155 1.0180670461883066 1.0623515861604782 
0.6475124735654791 1.076931745027181 0.6206971431759263 1.0380359072470242 0.2220509987185772 
1.0176534557554622 1.1134506524309593 1.2266612514456008 0.01665326271746394 1.0218679915844808 
0.5422154181453505 1.1169070408610373 0.5368207490948393 0.42611481146994545 1.1806680014617692 
1.1874203341442138 1.1279436094474657 0.3563625965464027 0.32247314536187777 1.1344319872910524 
1.1561020428531192 1.1350380947859924 1.1388483445830402 0.0027385226840475605 1.019096788472906 
1.012384395920792 0.4301761108027048 1.121371337379402 1.1137786775234253 0.23482528672818212 
1.1569674871502396 1.1124199454652883 0.0015480010640359196 1.1382111289550223 1.1567653185486406 
1.0876205477525123 0.015064698721052396 1.1697041677615567 1.2176679921010383 1.063143280620759 
1.2364368071128107 1.0707665524908996 0.014764211323905232 1.220498989067769 1.0715312615249972 
1.0915582032564823 0.013389750757290292 1.1902282433710585 1.23044876477314 1.0278760843732717 
1.3111749683083591 1.3131657276232238 0.42962218650617606 1.0444813652992744 0.23382262967536638 
0.5640429119696029 1.3754601893575187 1.370716625598974 0.6416112028918338 0.5236051652532963 
1.6136220966432324 1.571068702861048 1.15447007926659 1.2154730814155668 0.048326542953084826 
0.015622726334143395 2.738883517780941 1.0335623963854543 1.0243346781290057 1.0168739856426068 
0.6148401752760315 0.5784495188135965 0.566048104910091 0.554742741634586 1.1624281379085568 
0.6056274321817035 0.5990472794284759 0.5684953380989212 0.5134427055363772 1.080581755805278 
1.3110698221320887 0.6465422210634186 0.6404381318291738 0.6425238136967208 0.6958304449440955 
0.5612288940706408 0.49454149630182503 1.072700934326365 0.4258619706735612 1.0908401877621783 
1.198007773607848 1.0641411635499776 1.139309545082133 0.0031123453270454227 1.0811682395071005 
2.285575418870721 0.06295885863347091 0.8796714437722059 1.0182682905100255 1.0099243572680894 
0.36814501743873757 1.0932269288672931 1.0336851420470463 0.31444656395815135 1.0784216892988727 
0.4197692942429708 1.0854801376934584 1.0457016928313296 1.0454970189623722 0.23318474942006132 
1.0546749694370887 1.0550484173066597 0.4305781919638423 1.0572202205942154 0.23624588344078348 
1.0667620677782612 1.1309065459737087 1.6717572516830885 0.003673189666431236 1.0365105907431258 
0.014167413685711588 1.1506319237042064 1.1182729089806578 0.9303045011533009 1.0574427539475197 
0.5106493459171555 0.5160762688887681 0.47152918932680143 1.1336517598097078 1.1491061734232253 
1.2160292079660155 0.9925661978248362 0.007928042747244572 1.1422207746642734 1.1765222359168377 
1.1257907028920675 1.1397510855031947 0.002723530714874833 1.1691590939617411 1.1621499664021564 
1.1300921219181814 1.2325558468678075 1.239693860042461 0.3727267796411763 0.3854729581268292 
1.0859212710032689 1.2085760122171036 1.235334907130157 1.273986957909385 0.07291472181014845 
1.3310342869347505 0.35560888763985893 0.3413124716460139 1.2970725003958232 1.2607935390334148 
0.6976532784922702 0.6290547756393773 0.6628898161862615 1.4442363644532863 0.6470854408078777 
1.0130575535101631 0.4314223085799016 1.504173271810586 1.5013402985646074 0.2331776847933268 
1.4826333295276024 1.5815670944412366 0.37679822718739664 0.32272864804947704 1.0403243709807681 
0.32641868726290724 0.3765168019563974 4.939912452004389 4.890689711206959 1.0667020452243876 
0.3648437092463446 0.3521140164250514 7.173359406484372 8.035049244800758 1.124449497442818 
0.49618537233744686 0.3609217060990215 1.040074364615331 0.5808455814264548 1.0136112432980804 
1.2600887272211556 0.334941777795246 1.1316366563862004 0.34048676236472963 0.9997327752820709 
0.5455870245950202 0.5429248545691423 0.5082725090010447 0.7900264600288974 1.2740273089680454 
1.1430904650074827 0.9470037101251264 0.34844116759690313 0.35256683642473 1.1763635703440518 
1.1732817288649364 1.0671402990944878 1.542558412479214 0.003843385459921154 1.040670009624055 
2.340443923702564 0.01221206862773693 1.0341702200275835 1.0179081838085842 1.010731367931009 
0.3747039593266069 1.097793543167691 0.5616307319492736 0.5414556721917998 1.143333570579341 
0.3634439701910172 1.1029647252960322 1.1142480393215057 0.36613380339390983 1.151935531066655 
0.9925593180488228 0.3600922812596099 0.34082128091259306 1.0741425546459782 1.161490736250244 
1.3492326343542356 1.4365932579536465E-4 1.1526978511408583 1.1032211105954244 1.0876575426795119 
1.212287289897003 0.9251436612135228 0.04452265646145926 1.150740417663671 1.1450655905964087 
0.4664487857048199 1.2257700051546587 0.874999444619474 0.5930981410684641 0.675598846423724 
1.1124630195884895 1.1341284619333298 0.005112041445624204 1.1760580049229425 1.1724511785819798 
0.6743540810552594 0.593620951545344 0.7859667563150856 1.1891827301068234 0.6532211978978055 
1.6225914615178847 1.586225713900217 1.2740613250476553 1.26691386259851 0.028486240521916097 
0.6329418920521805 0.6343080171454589 1.518982665924178 1.5137792578624338 0.22264072908997765 
1.1705863520418343 1.0993288341487082 0.005867360715644248 1.728887641788516 1.0884003988310857 
1.2279534904944323 0.4116935830072296 0.4793395472318185 0.5679921776855072 1.1677851359234865 
3.1219587478691406 0.044615024381555846 0.9696383195316186 1.0329513237259582 1.0113118933379417 
1.1529890590097385 1.1313422382080172 1.1394995133355679 0.0028963673398786664 1.0767281599841523 
0.657752694352251 0.5736417756118106 0.5932145036928993 1.0949434358304824 0.6537156426082228 
1.0612044507588272 1.165439180926008 0.3653783625758549 0.3601580989551594 1.1897865558443352 
1.5096909770257319 0.018615344529448095 1.1131278502677093 1.1152272363698972 1.0526295080566161 
1.2564046196984622 0.48126761635224286 1.7841133929245634 0.36176108799182877 1.0117546150845322 
1.116170349230529 1.1345808032610074 2.6574394157641263 0.00588384041055939 1.036229774434264 
1.0164432096582903 0.43347130868904094 1.7192321331081806 1.7441416642739476 0.23261275804036421 
0.37590489277130895 0.353109525238583 4.337650230986577 4.4847570208678675 1.1064799806234586 
8.90864652957937 9.875091844772182 0.2889814597600801 0.35396449955020004 1.056728942964188 
1.2687584971014931 0.6288228072990949 0.6475868158377873 0.6526492922224276 0.7004247242567337 
1.199222955429116 1.0820002815450556 1.135219538501363 0.0027840428574276176 1.0608062391456705 
1.272431955262533 0.052916538791739125 0.7986932642048731 1.1156807565353857 1.1156807565353857 
0.4925024679059555 1.1778660495145887 0.4329386211363603 0.9629870377814956 0.6507472055190587 
1.27484528865464 0.6366609035338356 0.6332964887739038 0.6534954421042731 0.7145469760789023 
1.1610691399547335 1.1268410739491583 1.1309693658941182 0.0030315129200766044 1.1303274070237659 
0.8389657585103351 1.2717136191375022 1.8788247964955933 0.34540886090900375 0.717421588864107 
1.044367261529139 1.3564069957007385 1.0985433494153962 1.1263317547854441 0.0785357139207578 
2.0183046744338102 1.3811007021042414 0.44305750183236314 0.38115484474803296 0.7381687260020965 
1.52103475419215 0.7469896933688056 0.6137232805676305 0.39089575227226775 0.7281079710094631 
0.7541251329483991 0.9407766514098325 0.6045449964732015 0.3633184236429581 1.0578855737105817 
2.055103853908178 0.3924586701220909 1.4938962108606562 0.8721876229824836 0.7005227530194448 
0.6149037404690068 0.3646563524182651 0.7293288067136932 1.0801561373361181 0.699811765362083 
1.1847292969356613 1.0535575145138274 1.731585148446826 0.0044093543656376155 1.0978953026603866 
1.161492296892573 1.1131891820327746 5.859612012004362E-4 1.2754203927736796 1.1647503755835344 
0.3168485757088942 0.8832514151766173 0.7839320874994997 1.341482321387416 0.7513988728598078 
1.380916162660321 1.327083321686338 0.3688079220870574 1.4038016612164608 0.410037997071695 
0.7937389243381134 1.883366280580907 0.37485350172502596 0.8603844907268032 0.7329819312761364 
0.9843144822660086 0.9026741461099305 0.5069867667112087 0.22743562013323063 1.0422078605501213 
0.011275532590092579 32.24196435430161 11.262138626271147 11.122486196324198 0.9837922491053595 
3.16902326823124 2.950444786473885E-4 15.775918916772376 15.702212097126306 1.0112696298004566 
0.8986596533673996 0.24223507797870314 0.9221305937282912 1.4173077330835293 0.7738737102371881 
14.51072072705683 14.526436214414177 0.0022059566236375693 27.262615224280946 0.9998747992509136 
0.8462111738954594 0.4713518951476264 2.1746280935157616 2.152954488809515 0.2345935878564604 
0.06058062211275908 3.5424064646362834 1.0255039953087632 0.8856313401572902 1.029579455507866 
17.90873741251133 0.013354417120967906 8.908572027644352 8.9308055440912 0.9974677986585639 
1.9704752934118157 0.273588380379953 0.6782863423676457 0.8184793286552425 1.2449458728708478 
1.593334489790364 0.298683287693411 1.2224453767725698 0.7911676574486463 0.7710917580358463 
0.20155274196622402 2.786026395024415 1.0966521319100393 0.7310354753536777 1.0201555427793307 
24.714232183581842 24.663622428622567 1.1987551877547712E-6 29.522926346252305 1.0092789525528245 
3.517154624277466 3.4986433290488876 0.011132066858017917 5.925145680208811 1.028531499014708 
16.193985919864065 0.008825697147745908 1.5189307848004083 1.446495544552121 1.046227799383815 
64.1750290949933 64.0941698067754 8.947965742052936 5.227399100812639E-13 1.0846842761271023 
34.85403148221441 0.002566289243507887 25.880127676707815 25.722581822440116 0.9999818542953793 
4.219123097454318 0.0012348506110904998 5.999690765667288 6.009292098311595 1.008658277420562 
3.9224545395784802 0.0011715334145721928 24.947405237504924 25.40198837927292 1.0058848944917593 
1.4320498932820531 0.11657048269951553 1.3213211138112106 1.370113033457438 0.7532190218352528 
95.02016373417716 94.97804104982482 1.3794123888670782 2.427042992094996E-5 1.0068736887004572 
14.280877210603455 14.30881072822904 8.725030598571991E-4 33.334557538769914 1.012497234056001 
2.5807551159090707 2.9534575875141168E-5 36.97973500673248 37.05518527230069 1.0339701904030243 
2.409120947606256 2.3595086129326703 2.1199916684618576 2.2401120282774776 1.690729055422926E-5 
4.972740624986955 4.8812793693953545 1.4832846232161931 1.5217787885732779 0.009066267243601552 
1.604452161890798 1.9225864930006662 1.8492758119746435 1.7283746521567902 0.031048539654510716 
4.2082088369496695 4.1201198958209275 1.1258564111316023 1.1193255080833777 0.029347809684417584 
0.4506675178341085 0.6944175835704486 12.830470630745982 12.973809853012394 0.5441107084594153 
1.7545550668239414 1.6969131418025725 1.0307918204964688 1.067230081817144 0.04686973095473375 
73.67674006000773 2.4983012651217556E-7 15.13125424896234 15.014262778417907 1.0147934575603237 
7.542912870036507 6.678855125876207 0.8234413490908267 1.381359276406282 0.09347504682543976 
72.90094999014642 72.82691192863695 15.476333096339395 3.364027461501973E-4 0.9979531481398007 
39.121881460404595 39.337555640011196 1.1413103262468913 0.18246623520270916 0.5989023596465985 
1.1896883571581143 1.0378466165691118 1.069709795024904 1.3714016588657232 0.08818431778626998 
2.7068145683678577 2.9193360318337143 0.7856032855268995 1.409089869324842 0.1363235689464363 
48.020252322654585 48.541070016507284 0.0027276203047732275 1.2083404164960287 1.0156323098007753 
59.660167616898 0.01500768084842239 3.7106220502171987 3.578325512077921 1.0009310155874611 
2.5037736767905923 2.417896381767277 3.417235569012401E-4 18.80638220605999 1.030200578062861 
1.5843122048596885 1.5020703297009528 16.44086568465386 0.07880436525777991 1.0032570226550153 
0.007110575900731196 20.302138326276264 6.305851724751024 6.188877596995335 0.9981198585182305 
0.028562952268904276 38.18417257633213 2.3770141194604273 2.319730745847278 0.9863141406779192 
1.7556012790826478 1.705408420801925 1.2339321001752979 0.5850338575873615 0.1541085370629838 
3.511258185387324 3.243949506946777 0.5427854124539788 1.2374184539654083 0.19982853864192482 
42.518781093731604 0.06298196101696163 1.1850898144526467 1.0343498493826837 0.9832817296732643 
1.3182222319662125 1.2684827316107303 0.5825756956158973 1.211174291608631 0.17034313623989014 
1.2147800745085475 1.2146580251184775 1.152633754315254 0.5562536185403202 0.17353242614055106 
0.07551258461407517 13.301686420497724 1.501769766211482 1.3444450098800447 0.9496250462130481 
2.00436273684387 1.6880552556485198 10.156519985360212 9.318427264229355 0.017381650430026995 
2.564207872497834 2.510267146661305 1.9941169967308499 2.049173809590188 3.672066765776188E-4 
4.104678788518313 4.026690465298145 1.1336042329851355 1.2900441192903849 0.02977956228439516 
26.134768260816745 25.88529354353626 0.0021245468867348116 26.23762348778674 0.9998060428805998 
1.845639939420867 1.7784076350438085 1.068211827917118 1.0748389311000823 0.045306206265130884 
25.180520876984268 25.105636592280124 26.225038179807168 1.64602116239779E-10 1.0338753571082973 
72.99844048466502 0.0014245498117574761 11.269004640724857 11.211811858099027 1.0027052861071697 
31.123423750314565 32.462443969976775 0.20765253719838853 1.293979841112266 0.5876241977988842 
3.0196393240805133 2.942508879275276 28.634911578904013 0.06979272066820151 1.0004334773935402 
0.8589216836249564 1.2179850791289197 1.1709515286619039 1.3158517815476274 0.07182613453691948 
1.2680128420094448 1.1299734432567974 1.0587302636964067 1.1432670625279742 0.0975631496311673 
3.001306986508956 2.9534267456064804 0.791059321099818 1.1919288729644053 0.13610230675322524 
2.461322563664681 2.401941641383484 1.3434788410485254 0.687542635359776 0.12253502197758757 
48.887339602428646 49.7541633346487 0.0020579513075294647 1.1529828375264939 1.0724458562653811 
69.95995154022988 0.002209310826911835 4.981349222168898 4.852579563284727 0.9997876905429777 
3.2963282097850435 3.2411831401681326 7.43846084941081E-4 15.908042118464362 1.0133014053792664 
1.106207333424041 0.5721303915671 1.0639477017635397 1.5806646289984996 0.22147725817951985 
2.706216424196667 2.659583101737663 17.9098149569036 1.6068615965177095E-7 1.0108296589195247 
0.09233467035427634 45.174736298125595 1.2498426613465825 1.1050225449450166 0.9677000673425991 
42.262727692857204 0.01731583734525427 4.619215067042736 4.491978602413583 0.9850314711772891 
1.1449380724815539 0.6940078957899182 0.6231716239515606 1.0658591240140833 0.22074938292415766 
0.014608750387797652 15.456137007709481 1.3477427778904385 1.2537669736324664 0.9947209925247712 
1.9917814969248557 1.6981395278974458 10.166496071569211 9.26130734119755 0.017381650430026995 
1.361923696996769 1.5375649495561088 1.5983246877684272 1.4183004819312193 0.03364762970173561 
4.189435040108578 4.111538289132405 1.0895097642772817 1.267870117026029 0.030684612305007877 
1.6601021824963385 1.720525122473435 1.027451065855937 1.1851644632590064 0.04596526634989465 
22.05209230035327 21.978792491593655 27.859819694908285 1.749133874505302E-10 1.032051640053565 
1.0553508283764987 0.9149134331695448 1.0253063039608172 1.4169351066709834 0.096300072232171 
2.5112507139138374 2.598878029076222 0.8185693011856906 1.2495027416373117 0.13242044505114212 
2.419452455205498 2.3807557951058977 1.4445396883040422 0.7376882210019841 0.12242074296405143 
101.55874040119134 0.027779365113901604 2.5430929135991978 2.437276004694678 1.000523802628382 
1.6993206433810362 1.6120087875405924 2.492689715452296E-4 21.811249487285806 1.030442065092482 
3.077577608567687 3.0496806428280596 16.335718166936015 0.0028380772822826743 1.0077770943690485 
0.01929542038316446 49.00880027136449 1.3474308483054809 1.2348041974592745 0.9846158766584879 
52.91589493790818 0.008827811142103624 4.2927636670094875 4.109527742431656 0.9994212745971829 
1.2888921985650268 1.2927553512062944 1.1503452808644117 0.5551064164197926 0.17353242614055106 
0.01351965275851123 15.307189073827626 1.3595277859823913 1.2687357054186572 0.9949632935649732 
1.010124748081725 0.927335729837248 0.5082526960144002 0.22551633177137512 1.032726518876567 
1.6162366753677924 1.7434704995452095 12.394640171341814 13.096038213660714 0.030522627033049927 
1.7521917425791333 1.7010642225599606 1.1794228002465963 1.1882332304776348 0.0457390223707442 
80.18380971456199 0.0015649166167082946 11.312463046238134 11.255440380220426 1.0026609423310004 
29.81736994828046 33.136544210822905 1.2937454102802355 0.1756945014229547 0.5923392385305496 
24.708903490162836 0.0022288838131282415 8.936939241207188 8.809696318994968 1.0054881043357138 
2.0452255985682664 2.186147462970408 0.7935758621908394 1.222149038539411 0.13730905385168973 
2.437175086959482 2.3946827191564926 1.5350938893412034 0.7958785649841734 0.11900421722449583 
1.4539994970068078 1.3583468293665482 5.908311341034978E-4 23.782077083201706 1.0144080812012521 
3.9841683090105033 3.8250743769610502 17.850430883650876 0.008075081198583915 1.0038792392288538 
0.12852648362417307 49.202819289618546 1.2257995906984203 1.0829288930043064 0.9692969104215875 
53.29475490214355 0.008881576454611696 4.2757924408998145 4.086685517147272 0.9992081916871416 
0.9375638468723332 0.8522570068722246 0.5500732648947176 0.2558665846277214 1.141550898010584 
2.62225467121691 2.5576000943604997 1.712320857083193 1.7261948451470963 0.008864293224214656 
1.6352997123802495 1.69409310100494 1.085483404210199 1.26047794871977 0.04626916858215412 
0.05209126694057958 42.883384942968924 10.759117634886056 10.703611679148542 0.9818753968797128 
2.2211058810881923 2.157912647092551 1.6704619334041086 0.883942849917406 0.11457180474463428 
10.539422480939038 10.417593736841594 2.785955325660758E-4 24.390828973960122 1.0273562890030838 
6.218962224271756 6.096840766385446 0.517673346869586 0.8688205258131618 0.4444588506315825 
0.9477360757345027 1.1454616216608797 0.46639469986101356 0.23023361768100384 1.018904291140512 
0.014459723241554548 46.208023262478875 11.540518817060292 11.401711604894942 0.9819769070518096 
2.5879926094327175 2.534073567492839 1.3064354953029924 0.6032781345312 0.14281006281717312 
58.90337938234385 58.666445098837904 1.3996529971462853E-5 1.9635170396974506 1.0226633936758025 
30.389368397288713 31.2656257806611 0.012501640158304437 15.050017794451357 0.9828853206880859 
2.056321968545932 2.346180116748976 1.3651003310992647 0.7625255111221754 0.13359468948923647 
51.825109118553755 51.53710789954064 7.655997409124888E-4 1.1742143082622667 0.9947600758423104 
1.698661519037291 7.713071376277433E-12 32.3603170444588 32.45738214175559 1.2160792581814948 
52.89851821029411 52.5987785953653 4.445225225921723E-4 1.433200861094225 1.0113706361774248 
0.7909267614895485 0.6466249211104964 0.8390999272229324 0.9507644561349401 0.26622972161697134 
0.7948362698401694 0.5242601351882517 1.0099983107195663 1.0253142334507968 0.2670652409824386 
1.0795109799130969 0.6400473245373951 0.704284107554186 0.9215209553040791 0.24041980558113432 
0.7111139742650302 0.9606175916779621 0.8616097728483767 0.7157455649944569 0.29245564144030956 
0.6058337299623189 0.8020382087429343 0.7784697595244655 1.0395324608552956 0.42094611869411563 
1.0866592478567387 0.8484278673158248 1.0594598355604405 0.43947734802657296 0.37625160002842917 
0.61589395495883 0.9320574314288137 1.0497167310089 0.7882699334978636 0.23318026951415322 
1.1379097516660146 0.9921066625771086 1.1538953299715755 0.3109826977190327 0.541283415135073 
0.5350167569040369 0.8092137519856047 0.9600997609964759 1.1957166019969105 0.301912401074246 
1.000226486483305 0.9275651781148749 0.28747682741127095 1.0932656554809401 0.5949148774784975 
0.6008959130768189 0.9537509636623641 0.8164102382061168 0.8728998192832573 0.3946858419769981 
1.188563599579782 1.0441566479920938 0.46167814549618824 0.8751172305051892 0.23713120358314504 
1.258243598178861 0.7856555445284841 0.25356202825870405 0.7905475212901603 0.8374212641623875 
0.33985708244975105 0.8688772087139256 1.2369406862661882 1.292765360283253 0.49251629418834303 
0.6386043469016441 0.7169036218670001 1.0703342877713926 0.39561317330705115 0.7419392009531323 
0.9041691941745255 0.23587823642718306 0.9481775090354139 1.3462796117762745 0.6726097631539765 
0.643506891844956 1.0014678661664937 0.2965079645488741 0.8456562225194787 0.7489443590315021 
0.8376468356778853 0.40178638408972867 1.02067552805606 0.7712040356869455 0.5914806673027314 
0.9210519733211039 1.0111394937872076 0.3751415376525689 0.8324270528469988 0.5490041465195767 
0.9968413231815971 0.999297317319815 1.0207501594852382 0.4501585043388929 0.22498418318132543 
0.5133403488829359 0.41347659989459234 1.1063208493080503 0.9727537810768443 0.7815301246930004 
0.6825557451066738 0.8868647313354245 0.2954476899377994 1.2349386819106942 0.6900607671663064 
0.9574930856505254 0.6113079514028141 1.0091825108367682 0.4497323002245926 0.6852740593347464 
1.0556225799337795 0.6993106754422405 0.7700074777860895 0.3889531587412305 0.6545563132951993 
1.032552507395429 0.7383451912748045 0.3528618658379083 0.45883814419699237 1.185234017403046 
0.8164921948659489 0.5125351268069233 0.817809903986246 1.2047823848255088 0.3743504640444009 
0.24838180595338463 1.109713328211517 1.0659275070278869 0.6005969224206624 0.8946429413321165 
0.6573669056868984 0.5386473579727529 0.9519446471918307 0.4245756687928631 0.9452301257066369 
1.2439257126289196 0.4164500905684189 1.1885596429119782 0.518104800549825 0.644397235846901 
0.9475184689245177 1.0789559703929266 0.5669250339885349 0.48952023931039634 0.6955328285298705 
1.2328093636566568 0.524422132920085 1.165097988927304 0.37146407240804624 0.7340827784084138 
0.44762805130245736 0.8743066028419638 1.1092353824391485 0.5724090400707826 0.642710493465386 
1.0376400712293503 0.4331134916351473 1.1670864158369307 0.9281247928427585 0.3535625360075309 
0.5261922148688727 0.2920778941543567 4.0675440886514975 3.991536271068778 0.8498114209308871 
0.9223175501905294 0.1790310374144612 0.9599705992155504 1.0545465581472713 0.8274462393767622 
1.0622489789818135 0.5807615706022736 0.8386793085578746 0.7954258815067262 0.25943985731867686 
0.34653498002507355 0.6237539310395789 0.9999675299226692 0.9292190712136081 0.767811129725538 
0.8933288978462339 0.8804690497743287 0.6568085431893267 0.2607956307381674 0.9090448699959705 
0.2703460922376602 0.4998775424203487 0.8550814025518875 1.1533113817779452 1.1253895521530937 
0.890890305036883 0.6940637535324791 0.2883864151871385 1.1707387473868958 0.7155655672459825 
0.7709526215706496 1.1354901835263955 0.4844580876326976 0.3209246526145974 1.1698304906360315 
1.0111381079052093 0.31292503818316875 0.8695988147112236 1.1735391044026469 0.5540947455380251 
0.7752652822951696 0.19571030475570406 1.2867108849722537 1.3096624374324137 0.7601431345754185 
1.1566527491458514 0.33808705675382267 0.5664217413384112 1.1783987327263825 0.7412771110518166 
0.84399699725685 0.9875062611887367 0.24854422988031602 0.7035678525273198 0.8792860446141121 
0.7024419069840703 0.6821090848084475 0.5457813295062142 0.9159913666425924 0.7683760557527411 
0.7695289361974271 1.2011875273447268 0.4596332807056228 0.5497679616440737 0.6973311428303706 
0.37499660911643323 0.723809104932009 0.8332892288621813 1.264828715490455 0.7572870539160328 
0.6969151655014776 0.2904553539108019 0.5663872762603354 1.0858595987320905 1.1424436452998492 
0.7743025869589772 0.7575317223080487 0.30112228729150975 0.5738971315607841 1.109071178556213 
0.7768631842859228 0.6562647490234643 0.18222761589709133 1.0731253957585265 1.1361545871410903 
0.843207067469322 1.1380066970807237 0.5419587494313998 0.8940249846298838 0.22760687957807257 
1.0855081578903816 0.9397849152574199 1.0868586565431857 0.23145143842136667 0.6953018444268836 
0.7184922361349281 0.8811637085358465 0.599942022871758 0.5909211118794024 0.7428989726207403 
0.9317984525325685 0.8411189407811979 0.8642403497384459 0.392571763209153 0.6758275211632675 
0.3217097431468891 0.9655951605969277 0.8064301482522572 0.7584496946751018 0.843561573868122 
0.09878878983598678 0.8156756163791233 0.9010860272557731 1.1013162545470727 1.0281233730203767 
0.42946163980817204 0.6900646278965661 1.1624456942691879 0.6242645496034696 0.858236025091203 
0.6192011595729606 1.0807737142659544 1.0941894275894757 0.5993066394804583 0.23300259618765573 
0.3440469659949213 0.6114795834665896 0.7122152588006943 0.6562749394467414 1.0978454721460678 
0.6116103415290272 1.1879763977654412 0.5800019736215897 0.5426107953301582 0.7084145958189763 
0.9545414402162861 1.1250587864504769 1.2313909032229142 0.33539884699361366 0.5338375632899088 
1.6169552526508064 0.23759238004202232 0.8452551437913871 0.8344630019969654 0.728555294486218 
0.9202981201094959 0.8023501221975313 0.16973222720482647 0.6478934123990953 1.0727635345198376 
0.49745936772745675 1.0353558908979932 0.47634241077516676 1.2010928691670086 0.7010807710073284 
0.8144467329947144 0.7392812887888018 0.29455501989173094 0.9480445295403223 0.8313964187142887 
0.22796619220513473 0.7119964767680693 0.8731990530038187 0.691761117927552 1.145880427764371 
0.6048658515037887 1.0387031035670613 0.7239722389714647 0.559004203862503 0.817733162401665 
1.022340870725288 0.5559726659619717 0.2543163736298908 0.9266778828332308 0.9516403921713213 
0.6566195650280681 0.42097404902073127 0.5693098296991852 0.7284612597668216 1.1678405695324934 
0.7100872297458236 1.194052229296255 1.0451609919016651 0.48548254273484537 0.47171874777625233 
0.5030394379522561 0.6407805212727677 0.34351023276147624 1.1684308031183657 1.1684308031183657 
0.862721979403474 0.2586454199656533 0.548765400806927 0.9074648667950573 1.1507066463705549 
0.8442165272398214 0.6078935445726398 0.3024235103039044 1.1003498470906448 0.8972800377822695 
0.5870785354532059 0.5571153500311666 1.047882126403206 0.32551461331145976 1.0317519539938982 
0.9685215995162593 0.9106001872307671 0.22129062588107523 0.5071804595300481 1.037373000048351 
0.5091791051712212 0.35691350723238374 1.0219096397374632 0.5812545082747932 1.0069421812834345 
0.6570542480943639 0.3570437915016071 0.6718864185957102 0.9035244481841075 0.7909044346595515 
0.804736562276499 0.3930312415785098 0.9217480269746272 0.43668014348123785 1.1991501749864333 
0.5641669409709583 0.43662837601292964 0.4846766467475157 1.0454788443912912 1.0749954875126104 
1.0724164466148571 1.0796118131484211 0.6304209796471899 0.5921042598915155 0.23308659192305425 
0.4468310258531278 1.10220410891002 0.3624503321592692 0.7703501207937524 1.2587198139990905 
1.1545664433544147 0.5908245154876176 0.2723002456783247 1.1111047395093043 0.7158405094206354 
0.5596570900453721 0.6371933636240175 0.8783269445256747 0.7968548165102016 0.6062628644698557 
0.6408328847428457 0.6477634977178752 0.37380915781878654 1.3220337676232599 0.879403373062205 
0.4742861878154662 1.23092640843952 0.3935293554753617 0.7715392462366839 1.0009080382287943 
0.8804354204313587 0.45048704831729736 0.6617241812951314 1.2070190923302972 0.5817495391819906 
0.8026811993021156 0.5311937756271949 0.43219587360948347 0.8876549167862966 0.9179253830661052 
0.9410115817871081 0.38865495387619997 0.4515167900764578 0.7545403472645286 1.2026994191968536 
1.4151851250065064 0.7222683119649423 0.43804077230648875 1.3445100998200983 0.527665313170814 
0.6500006964433795 0.7304166492492363 0.6880960762703343 0.8225948244715062 0.5965290060124502 
1.34397964657906 0.3747556224306059 0.7654305490094844 0.7749149973198199 0.7537874059097502 
1.230909075622007 0.1548069506914137 0.806130180878548 1.2563914626626758 0.777305884889692 
0.9321944743596325 0.6231793346163655 0.5659843807512415 0.6671823889398166 0.6344898753861841 
0.7716089530461 0.4298035934087348 0.3881716443462802 0.9601749405811109 1.1418841370277955 
0.7608689111182697 1.1612890037797192 1.1748434477227454 0.1755198627624809 0.842629087579318 
0.49548153899675995 0.9849423831868894 0.7942288109492435 0.29819779165914845 1.111049485882269 
0.45280752725275103 1.2390897536802685 1.0128432028833732 0.9302264431403227 0.3862574848445031 
0.35806160479542315 0.8046391342106848 0.953878018955045 0.955694549831362 0.6312382840670973 
0.5547000787066634 0.6534417497466483 0.8534834710664551 1.2894597897271576 0.4730927076846537 
1.3720168928807703 1.3094290970668376 0.5827532995272172 0.2736437080970197 0.7882253688584482 
5.14041424126949 5.1876296461779505 0.5123484924561732 0.5820142276997081 0.461044903024888 
0.1375823000941713 0.8953264817811905 1.0847954488049167 1.0520392228764441 0.8301606188726135 
0.24790658132344293 0.6682683428894137 1.017280826258179 0.589330763299217 1.0389926154850824 
1.299890490318475 0.4535084007406646 0.44274685444488765 1.1512368310307661 0.7172150666698307 
1.6125232352110848 0.6097547249405185 0.39079579834811917 0.7881221030749178 0.7286029335785075 
0.643814318107712 0.8911838652111754 0.2570605065223841 0.6499076058147653 1.0410997845543137 
0.8064055439662805 0.6945515577606097 0.7046022771242898 0.2298401494840901 1.0253047115621048 
0.7121950152880976 0.6096006258785535 0.621225668848386 0.37898519763195804 1.028663428537053 
0.7641917720439682 0.7704506682760233 1.1022118525793088 0.6071921421113317 0.22032665601804527 
0.893769739995535 0.8420223631470043 0.8626368682023972 0.5910172563794313 0.22209781826333966 
0.11860561463756678 1.0786783642441025 1.183189396917818 1.1886058479884407 0.7082492920804966 
0.7724522045381959 0.7046284349141232 0.738655636134867 0.6593599293097677 0.6528305766849974 
0.3306648892455509 0.8521201182423678 0.7195822217495755 1.1061742505656829 0.7097373996762215 
0.6096712143093277 0.5779392870690869 1.3029597346564175 0.6316086403343031 0.747958735306707 
0.8414960451372597 0.5103915063795874 0.83857726549913 0.3140372683568693 1.130022374510724 
0.3416726643110278 0.4955649566527241 1.0435595015373176 0.6682090910940659 1.0700680363837478 
0.26248815525193425 1.871051202963449 0.8528248651683825 0.8512011090173378 0.7320708564895299 
1.0499297490582038 0.18250996563248578 0.6819941407812905 0.6273227736987891 1.0177664902670003 
0.9140431102915809 1.0432998877771957 1.2847819756739047 0.1915053329853217 0.7095397403177222 
0.5982883472119939 0.7968813832337799 0.20665025034658227 1.2377668320469928 1.229844552789695 
0.37998822774274754 1.0895633066708896 0.5617275578441165 0.49154682563206453 1.0381271884220162 
1.1329058503521756 0.4261879369809434 0.8036574842576759 0.278946643490778 1.027683023496763 
0.925140639390964 0.40516013330642703 1.353292719662889 0.6275429349685051 0.7506641658567114 
74.8328352204158 71.56055007933249 0.042693221163553216 0.7616079413574172 0.9862612348315583 
1.6022519244435636 1.0953940276477867 0.46127750073479096 0.39996835716680695 0.7357740496444227 
0.46138918949099506 0.4656140468537837 0.6871720794944766 0.646211954596623 1.0448943486605817 
0.6444381465530189 0.23729883675538202 0.6893354051657885 1.0107143707639914 1.037402395006455 
0.7879639258521923 0.8061734969881224 0.5929786340144259 1.048719052875596 0.23280703066452477 
1.3714383292940397 1.2915230259643657 0.31087206679215085 0.5268493342408918 0.7110887174148673 
1.3179947267997396 0.9194562389592813 0.9613015893981874 0.22959461178925417 0.7441570197782077 
0.1977484103854015 1.0888966602325776 0.6767846634466566 0.6397393608802823 1.0378731024204348 
1.4688079462599763 0.5166160901249937 0.9348055548044516 0.42046911884052196 0.7750990077358361 
0.2512848993329475 1.0954372315393404 0.834485399786193 0.976109467971045 0.682238038543588 
0.27035849900718734 0.6253587545295329 1.0364590775430231 1.1952656865193327 0.6635972862680427 
0.5629258101885802 0.7547589512727497 1.172636040168836 0.8216229875718288 0.3768256002191301 
1.0530723372006214 0.9976498717417963 0.4621094601838236 0.4557185956759505 0.8452894541409479 
1.1300901959402416 1.1924308564849608 0.8280573850367333 0.2147494265727825 0.6436770972087957 
0.4353789139303125 0.6111266555342829 1.150928821305478 0.46195687279198827 1.0198180508246042 
1.0034069855803591 1.0822656487955167 0.2349115491290241 0.9347979287670706 0.6385953988001273 
0.7828846875290945 0.9261916845824824 0.6575989979879648 0.8970373104775028 0.21518654637248383 
0.5275541698059454 1.1719766626011627 0.7785629497670293 1.105553303997458 0.25031980238656826 
1.2057746562393397 0.3019392861881649 0.8611234945882728 1.0359309298784338 0.5700161758656628 
0.7126588262737769 1.015532052748304 0.4898092979393945 1.0141468517838388 0.614923674626472 
0.3148050830889527 0.8384028239801483 0.9240617318438442 0.5091185429255325 1.217847231779648 
1.167367543095023 0.7991431738846542 0.44044889726650116 0.6944579206153791 0.6394276695467171 
1.218953436130959 0.5210857144752944 0.31208128947526953 0.7214878813365297 1.2602730512236517 
1.133235367447965 0.2064151326037349 0.522139290913353 1.2275699802780848 1.0475114081630912 
0.3612553022553532 0.8711959980336035 0.3760355849642242 1.2738636203761233 1.2734451900199135 
1.194818680792832 0.9938655508459038 0.17618321871560857 0.8154125970224042 0.6666845363824208 
0.2912855059998477 0.4764876081994584 1.1503638151109494 1.342408667320743 0.9495234954029647 
0.44337140108501144 1.1743131010826935 0.9409891421665154 0.5011846974608823 0.7128083914685367 
0.7202988912802143 0.360943093639722 2.5907885385207026 2.3080003261630075 0.5260427519335149 
0.7919544545713332 1.1276263354589018 0.7633793101566783 0.606748271872332 0.22129676220147315 
0.4219652714450442 0.2789988297345128 1.034375828379066 0.9926632414401148 1.01832228466638 
0.961165412521884 1.0957435269990838 0.09477567106442975 1.2324838096421222 0.9627654068189025 
5.046123810306174 5.192179195767806 1.6503020995582076 0.07426763988015281 0.7392770808599904 
83.5235993572018 80.7523895584647 0.9801491679822892 0.020748019714447927 1.2053641739071521 
5.971477156376732 5.725286317837818 0.8795086489025753 1.3514215962340246 0.09095047098811489 
1.8225511707574318 0.10810607405258552 1.161331171544783 0.9414318859212761 0.7295082980784032 
0.17952557869853 0.710566437948199 0.691733482475255 1.2669849281394105 1.3012839194219106 
1.1312105249224065 0.40001996324916894 0.31840648949575756 1.1491095607730448 1.0531658595250284 
0.8029003584200429 1.977145106911809 0.9638791558459143 0.36319576261739644 0.731987894394378 
36.59810817640997 34.93204375990797 0.0038410184724944323 1.0572456268445634 0.983693299850911 
0.9286597744607897 1.1376192089805948 0.473982870115762 0.2459432369850229 1.061636088435899 
1.1845723417280176 1.1759278525173817 1.1557796859111038 0.0024916523478740065 1.0494414720042957 
132.8495907925702 131.4860270133318 0.6583613374652386 0.1271055565082836 1.004631934578395 
34.65243855341142 34.66024251250788 6.489736517587541 0.0019372427191660328 0.9865261101576275 
5.9662556064735374E-5 8.437148572874355 19.695563939016424 19.846332592116052 1.2435237685255964 
17.104583853372137 17.04274050438683 18.368491152339644 0.005584509741121182 0.9820881305405774 
12.157672501628118 11.748637759115145 12.205519000094133 0.005502926511948598 1.0037641294024768 
3.9247314935253865E-4 2.4140709033157735 14.579417865852932 14.462485901516194 1.0148665944021569 
35.712825550305034 35.68813354136689 6.099110257494285 2.142097686583696E-4 1.020907255874854 
6.71364548782698 0.01207048058796213 12.269599649403109 12.895406875354675 1.0059770003514044 
17.643541042725097 0.008641443028978082 4.862172682433192 4.844914705418324 1.0473611112368386 
4.0262838028782085E-4 3.493660165405201 7.3420944248091775 7.21520667978693 1.0157509464960324 
19.97137857612444 19.902199000476188 1.962953568042443E-4 4.394386394803556 1.0213186545073898 
40.016993644836646 39.93979995403297 6.265621933728235 1.382492789867312E-4 1.0003182863544806 
1.5748100628146615 4.578069265684379E-12 48.30117789430012 48.41273588500889 1.236821729201321 
52.22121203002739 52.08612974399164 4.9947669818420835 3.1965124296778444E-6 1.026129582221133 
1.0707387886506028 0.136654008221305 5.085866713121177 3.0435833905353733 1.0879898704604165 
28.327306164372292 28.267444431757504 8.002185031452163 1.5782062085201003E-6 1.0048994858284634 
0.01921899232285038 4.47060348249725 1.0850542329417399 1.021644283649084 0.9938190193403477 
5.4901240859181595 0.020552821774852105 1.0421397807456014 1.0154596277135173 1.0071441705053321 
0.6919430224396141 0.6611221240991264 1.4200809783996047 0.7124268624951023 0.699618964282991 
0.3731079971985796 0.9792080988624854 1.67187675657843 0.7996122260042748 0.7356830703247301 
1.219905207300143 1.0335584307454897 2.672555769029358 0.010611079971143569 1.062966285772968 
0.05533150304466734 5.415044376750006 2.2353121995898126 2.259212747690939 0.9736902789251585 
5.189447195781491 5.231502592767148 0.046351336932733266 5.421330101851059 0.9718382660061826 
