0.03520507461156639 0.035206710681460675 0.03525375309852691 0.0359088069919885 0.03554805299263319 0.03535780940185497 0.04629825514156625 0.12345486954498838 0.8485372470395751 0.6816111235818392 14.294610165282831 7.3619920983130775 9.643512751815997 15.962133645155419 4.629992424110334 
0.045350115306571875 0.04470560658717091 0.0753840379089587 0.04932353349589276 0.5040782080199016 0.07332943876171795 0.07540536531141893 0.058927455563072245 8.647710243648298 0.6207071836980467 0.7143457034427622 10.424844660487402 19.836199963863237 0.8424066546471973 0.5058237847852908 
0.04511165853808357 0.06004251645501374 0.423648038190687 0.30716511000644625 5.913860785622086 3.3273945696306644 0.054934189863947325 0.16834357511538936 0.06847003687823969 0.5741696469917932 0.30136883474328163 0.18672585246679882 8.961372616800146 15.905092531765366 10.961713748899445 
0.0652787176908658 0.07113765920618492 0.0661979145532634 0.06607096535914635 0.06881653983081792 0.06578532969730273 0.06736377911967262 0.06713995054844357 0.066696769663529 0.4569458877578488 0.07092452812738462 13.900708153094676 11.142344957183774 19.394842065853 2.9383144053885575 
0.03871322411918586 0.038713334653980414 0.03871750963155626 0.038713549711461036 0.038773292369139116 0.03897895384533526 0.04047057089878585 0.05038808344700789 0.18258202505845547 0.2304499555957604 2.292333161722725 11.061797938988615 21.39988923114721 7.737966436704788 5.039640150616448 
0.04402336469931798 0.04410035116616763 0.04583340460036414 0.044226260618922396 0.08477548859875264 0.04732727196081236 0.06581759453777979 0.7776375060575759 9.001834958605642 0.1080451872845408 0.07060570589257875 0.27184705865608366 13.576673622128231 19.426020089877603 0.22463741025413997 
0.04357268663469491 0.04371428019219358 0.04360504730461925 0.04383942565778761 0.04358866613882721 0.0484937991802255 0.0983792977712504 0.0601978247537511 0.7810342001254162 8.028829591397011 8.731899034481964 6.777744214015033 0.28294598466852566 21.729931125158796 1.9973709263045067 
0.04636764530354416 0.041156449142921624 0.043473191516422496 0.04664294377494666 0.3566517025277031 0.05886097789402169 5.602521379201207 0.10327596111595252 0.16223550241652338 0.1531469697365777 0.07818815499903845 8.859441804274384 0.5300328299648307 0.16029834184845893 25.24031430813199 
0.009425299146487341 0.009416194656226642 0.009712338267417476 0.011205463883976459 0.027776744374810737 0.018577278908149832 0.05947546083456192 0.24530963769944703 0.009308026741876304 0.18463228089715802 1.8259273130819236 3.9560931681256313 9.574045121946103 20.44432873248554 16.38196440090565 
0.027526760931700905 0.03313584966737738 0.026807456452200895 0.17676832975302942 0.04179672467415942 0.027260745139990772 0.049338444650978794 0.049822406049564345 0.9408755251392461 11.136451679467022 0.7554585133906768 0.7379719205000801 21.507893297790517 1.7809511927189678 0.040873900275200964 
0.023427703778695394 0.02342887670244918 0.02344257310825073 0.023568666442891323 0.024155746924145037 0.024047234766671508 0.0362819990755119 0.09786054333521424 1.1068728104856254 8.29030145030796 11.478260700986299 1.3469833342807123 6.793835948938666 19.49399375452288 0.044577675050331916 
0.044905419578651344 0.045667570102937254 0.04495167282879225 0.04498027141096446 0.04491498125232518 0.0698928454644859 0.0510180231490256 0.046182196495065095 0.045078517097830915 0.047056665357657054 0.04617377135666194 24.03541575666403 0.2980926286318639 0.4720642131275757 0.6841820317402771 
0.08666772232081199 0.08677144202422574 0.0877632382457742 0.09699013309744206 0.1268284312260879 0.11216533816568591 0.08678511417406364 0.09036078931430028 0.09226258137098058 0.5727829821174284 0.12289867618420271 20.00462023691368 0.42437100548827944 15.684238810274088 0.4478143595094661 
0.056621122980983235 0.05849041746364536 0.07161005755644832 0.1191663310717607 0.33857827360007764 4.414895394924203 0.089059413151344 0.203033870566578 0.33859038022183285 6.8234835150359805 0.19226269030136936 0.21725603237638932 22.60338808887718 0.5086499888245326 0.2698035604085372 
0.04400374792721092 0.0442208443797592 0.04417140387716156 0.044020052492938715 0.04427081679794696 0.053574067303156836 0.044678878862934646 0.1873058241763259 18.038577634628712 0.08464998194115018 0.1273710307250811 0.3338029502829241 0.2136404865353203 0.3515605302355712 0.4376820544607664 
0.04834754676968257 0.04899511034850209 0.04872528284406891 0.04853425005024335 0.04885750631238915 0.06088849216958266 0.04931337132348816 0.2334677388805566 0.0491516267808296 20.039900051318867 0.313183583904784 0.4997730450668055 0.12706647637594048 0.3186021620484613 0.3497175019826316 
2.065543247379092 0.19481104862099297 0.2100210187996046 0.1831044554473075 0.140639234822572 0.1731286097198706 0.41435916826435254 0.7917550844576808 0.16521241652451518 0.16807069268937683 0.6922595408163836 0.5306560665483335 0.27768690149770453 0.1188203241264633 0.4371960133765905 
0.043001459763653244 0.04299927228583567 0.04300407570963579 0.043271016895386004 0.04302093636292909 0.043036920426087026 0.04891839389861123 0.044741818377911184 0.04310723190571473 0.12288003788367041 0.0443445213058797 0.04592038753829165 16.332731705224568 0.5101527165507549 23.419279778678092 
0.03744476176865467 0.037593107698150205 0.037477118979838214 0.037733372842574435 0.03994848592925941 0.03745367166735727 0.03857462184101704 0.08878665214996818 0.03799215467980288 0.03933535620027753 0.04103584687823025 0.10695107227464087 18.219255383293927 20.052123784807634 0.05161440821380589 
0.046916372060309956 0.046909069334083855 0.04693310324117439 0.048825375104178004 0.04699551751670451 0.04709470108731307 0.08601480293213028 0.048649232413193536 0.04789240788169398 0.10542236516406751 17.35547177611505 14.85837629317069 0.0569247499385341 0.11223778761873869 0.3839639138749915 
0.05695850748490471 0.05752108773157726 0.05711951483614231 0.06283989224733409 0.05865077020893362 0.056860326752715594 0.058470572485367536 0.21123283234896237 0.057894590859117766 15.333597370308219 0.17096162250744326 0.1356245547439511 0.1908940103702495 0.5471289800778499 19.407784563968328 
0.03820163186412182 0.03824249199443983 0.038257881632443966 0.03819942507566041 0.03843156418222163 0.04484697887995693 0.06451310827268014 0.045102577194442384 0.039060087263824074 0.03996792711891854 0.03888060765772263 0.03957729595244446 0.038574848090349126 0.04113550627171509 30.038094262165536 
0.0339912982349554 0.03398069067076129 0.04121999520313986 0.0979524102194968 0.03735768542592513 0.033853770206722006 0.047089595355781694 0.1006348728417841 0.04926667093837691 0.04389648090571968 0.04020475592812043 0.1109062127360529 0.03539547350943907 28.032371142503372 0.06425048237524968 
0.05194581731455898 0.236406315190495 0.1300659873356298 0.09940765711356109 0.17967877505718927 0.07066407185277371 0.12910297312193472 0.26374195415860074 0.09978566249736978 14.463438598960254 0.09287849174742581 0.08049105369919318 0.3181058946018166 19.343906603799223 0.09448908954598363 
0.06546429248199946 0.06546615115885425 0.0654961359483599 0.06572623562818392 0.06547934406607955 0.06546594216048114 0.06928658575817295 0.06559496073238906 0.11948176394218524 0.06840228068328694 16.359808846249592 0.6643505351499511 17.52072591551652 0.2948695665581681 0.1866573671430985 
0.03397237476118132 0.03542026131105909 0.06905280127501051 0.2560976658807868 0.06261006804180731 0.058728371764203334 0.08113559296049488 0.04634643937521561 0.08991848974419575 0.04560248841986059 0.037695984738323196 17.624020079625687 17.702015517961144 0.07416283039319482 0.12694588569042245 
0.05868904181091984 0.06573256530894972 0.07232225029982997 0.13246800331359868 0.08734823416201247 0.06375048901369373 1.0049483896250082 0.10814033151653721 13.329399970534547 0.10686852120415621 0.3603424866439036 0.059490764047436716 0.23813111116511285 0.06685362019218846 20.216041134535185 
0.05467115892333915 0.3663918952018007 0.05579331222542966 0.09549742948386783 0.03385396242179787 11.97494709737228 0.41006247748703095 0.25485363375440284 0.3463270345975875 0.3229437991453503 0.11949826119733231 0.1937859630611428 0.08952548522638445 0.7521898063325752 0.33815396348057214 
0.050552572474261454 0.061431203713161395 0.4008772121035398 0.07251598496142111 0.06335881094922816 0.13647718644747744 10.526771963991834 0.2877430029460668 0.5323923277981684 0.3068430831272733 0.22461515976802915 0.09339900412886504 0.15508987734684784 18.480695597787538 0.04746613461572081 
0.054849338226883315 0.04489924020575801 0.04917564869714733 0.05490641176461914 0.6240492659884603 0.0731592368190468 10.244521766914557 0.09692802644330262 0.1679177390620523 0.19390125530046398 0.1717150609705674 16.4138761040197 0.3821067308205499 0.17747493248799956 0.12843076030461592 
0.0361426688630505 0.041634097683418504 0.03699564967984024 0.16375009425265058 0.6659319317941462 0.15237728701992845 0.17498178809654052 0.04474726509807508 0.07826597836211971 0.08058052078538333 0.0486857806721727 17.74968322265622 0.07044548918459898 18.830616372579634 0.49671460270668893 
0.043451558657942986 0.043814363814647664 0.05012359863900999 0.08572562098072203 0.055264720846195735 0.06553525302715152 0.9064843339450311 0.08500857865184368 13.278756805149728 0.40772619035644664 0.35055720933369494 16.211456140265142 0.5403776172487269 0.5868897561036515 0.6073900192588947 
0.08293952847691213 0.40775747121983164 0.111715018372657 0.07496671572362415 0.11318219050036751 9.4451646579733 0.23485554044272808 0.05279312772944067 0.19085320469588732 0.34466435351035074 0.06905050203602231 0.2759312645565813 0.1480392716513817 17.253181122581335 0.1420928978070361 
0.034391304497816196 0.039424685248055945 0.19394398302500948 0.048611822609732555 0.041786638028586606 0.04077377041896704 4.77558395951854 0.19219360979041272 7.8144789740745715 0.3107039993424254 18.391496138012936 0.05249935555398491 0.3644003596618258 0.3377764402486074 0.07424235326574717 
0.03708561064716237 0.036533845671904645 0.0760376017391726 0.49028353375171807 0.3984145733172398 0.09499693896264642 0.12405246377322544 0.03951992475555219 13.846274719230214 0.28577125528381475 14.055786173454727 0.09404632258195308 0.2660051138067138 0.46445928130308406 0.37392634843257855 
0.04728735612786652 0.05696907761011497 0.24545556577121036 0.046054206229289275 0.03953963981476433 0.03915429449846516 6.152897661168892 0.06370290600583373 7.484926127713375 0.1311459520270746 0.1750023356306606 11.95671762048006 0.15438180283042333 17.512813201910536 0.2875370057502167 
0.044526061050025885 0.047676460945164666 0.07289245373761993 0.04557518103078483 0.04468830895554147 0.05247639003940659 0.619459942936722 0.04760202689074628 9.306488496228111 0.4549125967720474 12.268853730705734 15.672437939701942 0.4973391057807459 0.04472721814226921 0.07162693787529299 
0.03731698126817736 0.037316990580868 0.03731698426812714 0.037317152212484536 0.037319522196702475 0.037326297675836416 0.03736753420557901 0.038066981972284544 0.0479515623938226 0.17885609332260433 1.5016045306345132 9.524591164819276 18.755699190083867 13.425798478256993 9.151964467623309 
0.04221200018782842 0.04138459043652993 0.04301675265822861 0.3342975481118618 0.053982660862266246 0.04875215098301862 5.27708937901304 0.04162604771161439 6.026376493307943 0.633616975907423 0.1621696713140343 0.039493730168272276 17.149626788112663 15.70506005203832 0.16386099791887593 
0.05394702381431493 0.06410133059038946 0.05169349901623431 0.061749136035715524 0.6784830487489729 0.08136826228408797 8.311848384947421 0.09897853146204934 0.17546343003778453 0.5898956094044976 0.36771463257269954 0.2745701410293744 12.400473038972434 18.191684297595412 0.13406582599184524 
0.04270687919737903 0.042381787397452436 0.05593060911339796 0.21416466336231876 0.07666563649226389 0.04415467431672915 1.6836702742706287 0.12846796316647371 15.425596487005993 10.126052976290058 0.47379852316352583 0.07247595811398319 0.6706645012864333 0.09709786415933344 0.43436051257248454 
0.02802969724626292 0.028030514019019865 0.02814794936757468 0.028874944737475143 0.035821206001158394 0.032127146282480666 0.0442477033361958 0.12668250559831853 0.06005373485194575 0.12786741555631362 0.6534188136369425 9.056469227053809 12.33328716453324 18.955650272575554 12.63688870879074 
0.031161936355690492 0.030899808769391943 0.04135763698708999 0.1629509607657349 0.05597079362942515 0.035874506662454064 1.4454569822879282 0.13314312495847475 10.554123010305542 12.000494422483762 0.3170231805682211 0.22025166230160842 0.46479461802433514 15.080661538437285 0.3015223950245295 
0.022813262795143764 0.022814939285232247 0.022831057241265183 0.02294431648691931 0.023362899845715827 0.023153173231341268 0.03141556458739175 0.08512419972870147 0.7087833446893467 9.759049173016809 14.978591355770932 6.658298717159728 0.042587982364465565 12.548324141656584 4.558029244331978 
0.04077256223361042 0.0432729154492401 0.04119046169985664 0.08087765757028331 0.04743492149723335 0.04275663968459279 0.6308733066766865 0.040945450674084144 6.944106904442242 12.700534863033182 13.349898673192364 0.5651345138630546 7.405089494698928 1.7477820383173859 0.1373201062962025 
0.07007044265433926 0.07474344292351022 0.17342462635452988 0.06357509295181299 0.06474409602759267 0.07232247294103959 3.214199741309619 0.19484569348524527 4.231716844051418 7.735413579776798 0.10071521860349864 0.31098812886160293 4.929031588569849 23.706958365532465 0.1403167164799416 
0.04974097270313722 0.05622240598552199 0.2583213464762469 0.0526414598121925 0.058298407802719415 0.10182119263244396 6.279234511286388 0.20431074054917903 0.6802574612183478 0.22786520876913344 0.4660458573950837 0.051371911464235157 0.09567165669406799 25.06233999785192 0.04898961416990531 
0.03885593575691741 0.03921650097071109 0.04528131949282315 0.08022085447161753 0.06631958999226902 0.03915520235345864 0.9213045170062235 0.09706328292931815 13.280660334601995 0.5823110564370362 0.5406133290533722 0.08565097068567681 17.547289061071584 0.10575806686773123 0.108075325840954 
0.054327584024593256 0.06589233219436491 0.3806849616741588 0.08523940785362535 4.905701991422534 0.195091476630065 0.19494780104377793 0.05001524273890652 0.5337462694153705 0.08802510837742186 0.10658327582680074 0.11261131037420126 22.70086199509615 0.22051301029262238 0.07780344858379667 
0.03584829262446479 0.04309853753300666 0.03590942690646487 0.21333370979142777 0.5743381914479774 0.05119997557304035 0.14976857063208962 0.03813570330555742 0.08339363745351154 0.08617887908518526 0.05729888715059305 15.9243690152234 0.21779077297378388 0.0724634534649149 22.448496628654613 
0.040704320698354966 0.14153465604947774 0.07628921198630992 0.059838052096484594 0.10204899614805713 0.06087170767319816 0.07632835132971061 0.14705784267568667 0.06289723006301717 6.6188672886612405 0.14315212167149763 12.107280362464659 0.20954082282958061 16.20601695953768 16.56656179429326 
0.05070629323879923 0.0606973121120634 0.05148378033867369 0.049987936568899466 0.05195297522272456 0.3393192083847742 0.05845368011886165 0.05308398610674516 14.366613049898966 1.2236248463940826 0.13791923067581138 0.47489955260254796 0.35443925307042456 16.91388448900522 0.34283448837579006 
0.04895351320637745 0.18836433759922053 2.718686809938734 0.31543208439955817 0.11761779904487207 0.1279080160929603 0.11669755525979625 0.11460861897339944 11.680236989508527 0.8611842086769136 0.09986369846424825 0.3657255937377706 13.60796959486017 0.3245094632755779 9.829673732463677 
0.022159903995819318 0.022369955884056925 0.02736800760621011 0.03613167024357489 0.04193512745996604 0.039287727817684845 0.04266992255711693 0.048722030214504664 0.9243201132077038 0.12437511211934169 0.5862986195694663 0.12354260030498526 18.806364897085512 10.955754367390266 17.052795928308843 
0.03567634242538271 0.04742134031483511 0.08944244254118641 0.4259797097394649 0.1462228243014938 0.09573581801893447 0.09821656240612595 0.1393837341564323 0.1063512703679711 12.887319872969123 16.828928132371942 0.037166617655676526 0.25246656939807616 1.0325296700971203 0.4014775328646986 
0.033665243652173424 0.03519012081143328 0.03385960732849051 0.037242127991624664 0.03405232243981312 0.08835816170543852 0.7560219804709024 0.04221169404550147 7.493525107050012 0.10655233029145075 8.782229485834733 0.1267652323615271 0.3548755455549122 0.24418822687736236 24.536573781688077 
0.0484321685498249 0.05405687112749556 0.04802971298113707 0.04855813761596444 0.173576991362672 1.955694087728671 0.07250776586827065 0.13635360818434483 10.451253015289643 0.14541687574574372 0.3439949269446745 0.403273009685983 8.359089170503072 20.577411542077556 0.5524702124644686 
0.033012753559751765 0.03301293537388889 0.03301508601792769 0.03304308573609029 0.03339961419489799 0.03305103743810862 0.03641803020757854 0.07903866082884647 0.5677784849129334 0.24487758796887368 8.698490906632637 13.788375323739082 9.026469540729172 16.30120926569596 7.266936756595914 
0.026487441948780818 0.026420320924319562 0.026969255637732892 0.027967250557820397 0.0413735059817109 0.038752852759820294 0.07017887370449125 0.1296142207771823 0.06778002349443042 0.11204378113085267 0.7658033974123153 0.5225798294269269 13.388236940615782 19.675716568610127 14.777607143281228 
0.04120196510849408 0.04123006102413785 0.04120632226982914 0.04144009503963477 0.044836525308358764 0.04143241684047136 0.08476911295876927 0.04426185735879805 0.7592820028958746 0.5193161870599563 4.781125237693064 19.12772188217222 10.988098400451337 10.567052733529556 0.6117567553783837 
0.07291257334693875 0.07342982635259879 0.07311249300044816 0.09620337880106851 0.07467836648710316 0.07315342113612659 0.3657443171298578 0.0780709637408082 0.5391938580848505 0.11067363817739662 0.07291249782209487 14.249342759001237 15.168452415707899 15.312061657277901 3.937298895574948 
0.043390284934036225 0.07143432704038168 0.053502801574915826 0.050720133744677515 0.06005367410742678 0.04847836706234053 0.05285761010202828 0.06941650782601623 0.048926274714691256 1.936321889927353 0.07008963570932289 9.830507436753091 0.14233615011445558 11.3010956503912 24.463562973782334 
0.027510385279965823 0.027510664217686494 0.027517262764707503 0.02757830447374355 0.0276526888908281 0.027988082309142737 0.03338624535322405 0.07869810275894724 0.7642323419638809 10.460832631762365 14.36704929151005 1.3165054451199116 0.32082882320840755 15.269441363440608 1.370958203199413 
0.023927755249525316 0.02393103811292256 0.023952336857692266 0.0242623404945366 0.02495070323509952 0.024790019231854973 0.0424920989765398 0.16795087056454583 2.0961566084581658 8.605303679748372 12.204884106799447 1.1099469323535296 11.017027835818723 14.518888730341935 6.541269583574817 
0.06718648281434073 0.06757054806557242 0.07356120541166927 0.11812985657150216 0.07029977454314552 0.06855706720811391 0.8653211409362397 0.07617496370291563 11.215787138092361 0.8017129696099214 0.16988261380805117 11.16228568898951 16.454614418259556 0.6540374393010441 0.5480035384886672 
0.04914712762198659 0.049157036881821846 0.04959702513868194 0.05382416766567301 0.049442616141812876 0.049255125760893914 0.11818964147620087 0.06439621689271091 1.1886569229460537 16.188128227220922 0.2012783664935286 2.214965427950107 0.9037596823209973 16.261721123307773 0.5349027307573628 
0.03897350709430904 0.038974140401420276 0.03898430908374333 0.03903173580330526 0.039051461867560214 0.0402250907729242 0.0542725504517662 0.07194412604357472 0.519786636405952 6.852979623691968 8.153804571109745 1.9646745020179321 10.030813612123833 3.900698289221846 22.767854799146495 
0.033548099381475904 0.03354848809095209 0.03355777346547941 0.033700493824060256 0.033616970330037875 0.03355353056102305 0.03622708567627578 0.049304851847189635 0.2262375599479613 1.516556582931076 17.10116431220291 2.6773569921644755 10.614736566655765 11.583858649835243 6.368830209982739 
0.03577717212447444 0.0361272538451044 0.03621731121046407 0.03601216907885953 0.03594541819313687 0.03589527343660306 0.057194733516664584 0.3147882129175335 0.1304603325359348 3.7010378240038926 11.115666539352492 0.054261819301068555 1.7481127836081825 2.349631099701 25.15826813523678 
0.0478629117316403 0.047443924506125355 0.04725619960006603 0.047533821766319165 0.04789958961134912 0.04794676002544623 0.09269639582677894 0.05516764069446704 0.7675446915236535 5.8447713527432015 4.359716708880658 9.160135726495106 18.48369379252507 13.164345466347765 2.962417442848029 
0.0490920103759421 0.04888904781203067 0.04921568192805691 0.10838150807439637 0.05194367896375008 0.056208297014108996 1.3920285145965259 0.09424386658395456 8.858563139645975 0.7085499484364456 0.28452806884359905 0.12391501027649282 0.5575597869949803 9.370128174328046 24.02173874894585 
0.05368302812341265 0.05396466691366305 0.06313380781758486 0.08989809967083331 0.054097364602040635 0.3659675145008882 4.556372763910996 0.060429527715667244 5.779135477266369 9.430599295736174 0.10773933051027756 17.72392927046693 0.2840804944685064 5.102166311924031 0.39542714612658186 
0.05233903593663232 0.056178917823550494 0.12708167195674697 0.3388792642169318 0.30537539590755264 0.07919876468402204 8.031539923440928 0.2354544313713309 0.1258430700578658 0.20131910283685742 0.1073130608616741 0.1670207257850025 13.418876042107742 0.06372887936046336 19.22115983181915 
0.05216833393503127 0.05487424851724797 0.164625287966169 0.05088342414620125 0.4301337077113876 0.09425358220042904 7.365179706283546 0.08431343389249776 9.23709294586854 0.43387582080252657 0.09421658635479575 0.3463923960824528 10.322700320746112 0.41496831744146995 16.687494471715087 
0.04194576606102791 0.041945855398379375 0.04194666221221102 0.04194611788571771 0.04196148944552207 0.042067790328063355 0.04259983037076779 0.049161633543996365 0.13499990672471293 0.9895000742365632 5.741169785682695 19.69636894185145 9.674625963257867 5.6838659701870355 8.638030676341355 
0.04303232606127608 0.04313006829742165 0.04620873822111374 0.04281606676813739 0.09652658679244785 0.7690923324744113 0.11326467167503315 0.1182967906038672 0.1364278739095836 0.060176897857891154 0.047694910473479554 12.973594899105672 0.1878355113407476 0.0967295280418787 25.248153379261847 
0.04319014077398524 0.19226395288808465 0.060198599854508025 0.06090085318918588 0.033788768049077336 5.77058448369611 0.2101977494336917 0.21643880004369132 0.18652220935333283 1.2278471860992788 0.08509700326424174 0.14921784101968913 1.1357103507595934 1.3335063181242321 26.21571866536094 
0.025694876486754496 0.0257009402360666 0.025745062290953812 0.025827776431939557 0.027108555300321743 0.027274468171818788 0.06052765044603481 0.04402497524639001 0.09424408028288159 0.11154038633999847 0.9795857837962413 0.6523005845361641 16.8553754546744 16.486991409857442 14.49971075776733 
0.033606424152415625 0.03387638357686217 0.03373331850697905 0.0419182958692251 0.04361644969558512 0.037063507505657255 0.03932145561926185 0.05780692638237715 0.5268085851527408 6.552201422607261 7.296459520559582 0.6589980235859705 12.643952584459916 17.471238660255107 12.043362770501357 
0.047921435762065256 0.04792146071943025 0.04792144713969128 0.04792143726535031 0.04792198886107785 0.04792488020317188 0.04793842011343761 0.048129622429610934 0.0501375488219399 0.0553413383162913 0.1510543907821709 1.1960675997212449 14.064350032389488 22.957280830518425 5.867486680601266 
0.05293786204536917 0.05888721279413182 0.1462643126300433 1.4702698731010981 5.018119695975261 0.057789663862835426 5.807580936602369 0.22944194766266007 0.10589326779776062 0.5292307248707565 0.17792825462443093 0.10080651202872754 19.310993743441017 1.4047929874231395 0.13244909357941492 
0.03753194971010659 0.04070535068819168 0.08414293607712114 0.43778548674935125 0.12939362418589392 0.18016276301174966 0.036649307645618856 0.050460612352325754 7.330979496208098 5.608101071994207 0.22640857148847018 15.213309533202624 0.5448110528630885 16.711876490148015 0.20615938649251073 
0.03609060439982112 0.03936681665833139 0.03837914166312744 0.07750816662530782 0.6822790367974297 7.822168441438995 7.608498216274208 0.30357145649083006 0.15021885567432566 1.9305711513699038 0.28348578320000445 0.11729045351246237 13.603587532179189 0.2517078180125669 0.15128574251907173 
0.04875014408748676 0.06316987307752288 0.04919561994498526 0.4023449447485101 0.5382593932520745 0.07403449599631885 0.1292261633011925 0.053104376253979825 0.0923891871131829 0.12159853466943549 0.0770926395833532 14.1643675064481 0.47165347320443646 22.58737041967508 1.139852128018112 
0.03257153831601755 0.03257154041754087 0.03257157513755942 0.03257213440882548 0.032575931782670216 0.0325949552689648 0.03278054751852971 0.0332979448461802 0.043391585849496574 0.17717591608911057 2.0561140856519255 8.886258972937195 0.7404013441545603 22.94883813142127 12.929613684850091 
0.04462037245650324 0.04464138168234515 0.04509683177502521 0.0460253820672462 0.04696791305350088 0.04645197229899688 0.06855692704513305 0.061950081214134145 0.5150511064146399 0.29619234585949533 7.965208961164043 5.434869181582645 10.00416795860997 19.58770303257544 12.954877563098112 
0.056863397099411 0.03236462376521536 0.3634015362603966 0.07399561384798808 0.16382144551470823 0.043326225698159124 0.05538152230443516 0.08153153034350495 0.065905768342061 0.14150907555377273 0.11167520983618853 0.047164542497012255 19.039471199900134 0.04065301732742305 20.41852922571466 
0.06556578120529673 0.0810635429671275 0.1186667405962972 0.07371968595408313 0.2229238133197844 0.11516114643777434 0.08825595569141496 0.07226316044846293 0.3725726547433505 0.5496123490505501 0.12521378941966912 0.09218370657513592 13.39448015098368 16.422395542381942 18.849766495650755 
0.04442440017125419 0.054824342637576226 0.04592369699723822 0.04654176865641114 0.04397694334357894 0.48978297943228755 0.06589322229944743 0.06508852827853384 0.7069194552666579 0.7831799907893833 7.227296561173135 0.26478233082016767 17.998418543702584 6.760257612014237 17.911216850328007 
0.04878605994088119 0.048786411348606194 0.04879578296943098 0.04893817383494127 0.048786340015502735 0.048844890331656544 0.05140732337067914 0.07162705693327107 0.19174632242411027 0.08296455403637093 1.7443789025241285 17.529026959850363 10.513549260138616 14.77698584320152 4.775594367638644 
0.05528456129136378 0.12335564579475722 0.06574889646148108 1.6088838766013507 4.624875626381672 0.9351465173255938 1.5528740924546345 0.1531383813913223 0.34496557573965153 0.36046326327269584 0.11162316986461687 0.12976589214444478 11.741335272611193 20.487609798678502 0.36488243680980065 
0.06946483806248975 0.06894722435547487 0.08336724076719028 0.2958452436877517 0.10097229762974028 0.08700424546529964 0.10384724813113087 0.07126646139485368 11.681347507200567 0.6358344093728578 16.80126791047598 0.07686698230821641 0.5064737711964333 1.685207338904009 0.35026612848949196 
0.07262865031144021 0.1105048972048071 0.30491775015174843 0.24309041015381622 5.8743703277200305 0.3616340380473163 3.349160091995127 0.11713840770625883 10.225808644681278 0.7781454323267238 0.08044461296324666 0.4589411633747118 0.4159309502462498 15.029974472724572 0.5442383104522686 
0.05223009045143977 0.05223009342038518 0.05223011189770315 0.052230350748949 0.05223348418309274 0.052258316493974964 0.052650895030065786 0.05824514952276414 0.13267547607894306 0.8984753118957866 6.272229150869266 18.49644574763807 13.32626226820586 6.0649595195270605 4.38768290039477 
0.07412831065788815 0.07437950628298785 0.0742111041180121 0.08215343409442157 0.08353161104944765 0.07656433715005845 0.08127122305359356 0.07505821417549756 0.30579874267487006 2.4061379728105834 0.14053731907192857 21.474012857408514 0.8236338654545123 0.6224444748869378 13.148995395687681 
0.05078197769064923 0.0709725649620053 0.0611114298349158 0.052250469710358946 0.467531223508944 6.4157115267858975 0.2026546227245829 0.10969475187362454 7.37345419036121 3.165161167403919 0.24290581110027382 0.20605232347527325 0.12066477200782712 20.365573641581648 0.13354602872888144 
0.052316332249181696 0.20288444231169875 0.0726525223063723 3.724065554766746 0.19274054378965166 0.2325290853899175 7.286220893299704 0.07263860254270907 0.42664379809636294 0.6360461068100933 0.09129277455609838 16.938850097400934 3.333088798396768 0.32203767465470295 2.257136957333399 
0.04462323389814044 0.04590207549323242 0.06560139184301335 0.0456611347682338 0.04586991836016334 0.4814147053496964 0.21095202341959685 0.049144853260566494 7.842571793718162 0.35323710296051436 8.149574119511188 0.18969520215905422 10.248144281861888 20.228130997084012 1.0859999884120328 
0.03655815169747336 0.036660344140253986 0.042287038109268205 0.0816731650664209 0.04314340528170343 0.03950095167056726 0.705551016384634 0.04427616355311745 3.0253244961212644 13.166785565392264 0.23443821406864238 0.06968214221171315 0.518106750265462 11.663459232036171 18.19102474072195 
0.036184348777072405 0.04614868500569786 0.18721992354583397 0.04786756576208125 0.1990458953881415 0.8761708677120174 7.9754172281765925 0.07858897001292557 0.5812740452550207 1.556916349728213 0.2815760806555797 10.92251002158001 14.017899319453415 0.44769251146799965 12.41214123747883 
0.05638220881134763 0.05638447797629419 0.056418221528570074 0.05667224853364367 0.056404649486296914 0.05951740069068037 0.08794587848146188 0.11068919455306145 0.9008633430781596 7.873946949858162 7.968919388348661 0.13363681755823498 11.201838007691906 20.460756987824617 0.919006144521324 
0.037776173857139383 0.07667276730707842 0.04180618658428517 0.04413711261939457 0.07221793723240633 1.3675329657225708 0.5645499623861485 0.058777353657374826 0.13446876821046172 0.12138570765606023 0.05829530649467751 19.24007674525797 15.200078547938938 1.7538665902277948 1.1751379747389983 
0.05117307791116634 0.05117344639020995 0.05117682112773085 0.05119070219167097 0.0511800159151032 0.051433678662839495 0.054908699412795296 0.09760337234850758 0.5425018401089792 2.3827263670507874 0.45977151705364994 9.5207704443338 14.379296890563541 16.393466361930184 12.964635724796233 
0.047025927206921385 0.04704045329452307 0.04703013100684703 0.04703107196336785 0.04705725319987316 0.04743893327687229 0.04872823186852964 0.06840339788473489 0.09986820617148112 0.4887434582272199 3.5607472717912403 15.159217095630583 18.30116603622232 4.395654678777245 7.423722066259588 
0.04774927727173818 0.04805589064585577 0.05859659727884159 0.048734410471309886 0.20927728980344187 0.05221931647400415 0.05219360858555373 0.04800761199445743 0.06414928352473476 0.04857883931270227 0.04918146738275286 0.04936746551764305 26.043160859056655 0.26035533019286994 0.0622258139851834 
0.03801940795093978 0.03416099478610979 0.03554436016026686 0.2692746763671876 3.799443887051834 0.16174284121685306 0.2865382934313113 0.14682340791663304 0.1700047080646298 0.14238754281381844 0.06510948612145362 0.28398650841673834 0.152890326281122 7.905541660982582 26.481404801804025 
0.04779218255452907 0.05190195923242243 0.04647727970397888 0.048620638641173934 0.3855072222091035 4.477837052132961 0.20458751154321744 0.09158253688674553 0.10705635362344049 8.683457320205452 0.04675295398228307 0.04730710541054087 0.10042579648437193 0.28474475098239854 24.69803243002494 
0.021261840949124654 0.021322288879203326 0.021429090486748306 0.022348207685105426 0.03197477227310195 0.028465029481019172 0.17658231820060494 0.1031147289911319 0.0809338907878275 0.5215571426693479 7.374795191045523 7.910136357076945 12.15156417830282 12.792288526015215 17.863770998644164 
0.10203264224415311 0.1301471827079555 0.09304014298602797 0.5547276728143343 0.10611036185226566 0.11063517609087554 0.11358458272069458 0.14489481708266816 0.1134805470826641 15.990966849381651 0.15939279416018481 0.09837549150864805 15.68344436621956 0.5779096292605034 0.7597994457236216 
0.05127317140768833 0.05141215103830803 0.051163345267154874 0.05538232797698047 0.11377087102800057 0.054588544510685864 0.052304644011346844 0.0529907301440308 1.2378888751079584 0.16544776223479224 12.266160612320302 0.7827643164064473 12.88330627452909 1.5372490064091375 19.95023193043801 
0.032602264971181315 0.03472130362397274 0.06987769338443799 0.035803051657296775 0.03396017859401847 0.03386988187281237 1.1877256091999426 0.08171020642033267 0.03975646206073559 0.5454060577016571 10.375264413134648 0.3177866080579585 0.8361038758775347 7.066803330733915 25.257082897466244 
0.05202139907579215 0.05202142382606364 0.05202177503323417 0.05202610513084227 0.05208892792741315 0.05216141946350651 0.052336703268009176 0.05720091314835877 0.1151318927547641 0.7772667443120717 3.573869549866798 19.11189085520747 12.114070937323103 4.94856113807229 9.373555500620684 
0.1025121847496899 0.13250833126893596 0.09471646342097967 0.5780702840645322 0.09852151607050319 0.11747650867747178 0.067825328724764 0.15799613920142846 0.12656268981082774 17.33845587520726 0.2331414588416557 0.08934180041364759 12.826667930003596 1.9198425280321822 1.9693006565960507 
0.0529766844314594 0.06528024175748981 0.054398047189959615 0.05649457668675486 0.05268647462933136 0.5812380510333583 0.08173485585305167 0.07563209256220003 0.818236258104741 0.9253564488298954 8.51489599867527 0.24124387371471345 21.283308275362803 8.352632931515554 9.129580858483022 
0.044151328411235626 0.04489280748901705 0.04465012840286791 0.044292320023135434 0.04402156977920198 0.04421140838971397 0.08882867093371097 0.055699372621927104 0.7979411068042539 7.9140722420627245 5.111668937395659 1.2871300636058622 14.952267794231563 18.96723518036304 1.4241227058162105 
0.05942156743228736 0.06037534090535585 0.05976841405259135 0.059636614121913734 0.05996131741343333 0.08830477930319208 0.07834797790596627 0.13749184566807865 1.1009649866064877 0.1454684123746166 0.1168859822900464 8.801589588954139 6.528885301584851 13.102336411340412 23.00491666425963 
0.05156843980146254 0.05155085097303992 0.05157713918461954 0.051746158787475835 0.05405637421611364 0.054815911294709335 0.060512182309245294 0.18326435125210142 0.06012490624538796 1.1963173146978319 0.058557254990290464 0.30227655819916044 13.58102947156448 1.5907631576162093 25.55585744288343 
0.06795770140881092 0.09021249542389971 0.13060249504219895 0.07377439716794103 0.2572542148142345 0.11886862518118473 0.10377295079923782 0.06541632179300849 0.4277549182249072 0.6864677984711419 0.12157766790264193 0.19836398262484706 16.58702193196555 13.719275793493168 17.90032242147577 
0.019467334530725862 0.019467594449569105 0.019469598060974747 0.01947497152165429 0.01959743386180437 0.019559007467661368 0.022179280648623984 0.022200080532649845 0.07865349383604407 0.040436917303374814 0.9869378159908355 0.3130392419804061 14.784897739762961 11.055590715931526 21.653619579331465 
0.042978081128497984 0.04203263086336855 0.04286880526087949 0.046416747656593094 0.04398446187543399 0.04319324578835715 0.046249751118567446 0.06286123347881364 0.06010945671219384 0.0637053527163691 0.6933335407243898 0.08464499013570992 9.879461745108115 12.832641803029343 24.1768116142629 
0.022725788729301005 0.022721259115184064 0.022758412587992022 0.022840873374508366 0.023839470175615905 0.023544358361929103 0.026561748724499037 0.0704785803950524 0.05560316584499693 0.0562935775387027 0.40463312150504904 0.7795385602048477 11.98402623746912 22.20209003613395 12.007256400639521 
0.03112608625015678 0.03860237379328139 0.0326709199877262 0.24909417695870237 0.05333428068592733 0.044329388633812555 0.05477933428939745 0.058283839533720315 6.357786295220944 16.672528751858316 0.7132480003498779 1.2681180587642429 0.18985742702361744 1.8259116820908026 12.597406866287185 
0.023561559683774942 0.023561916912190985 0.02356593330583059 0.023587771729812308 0.023717781092731188 0.02372627472704035 0.027309758259696365 0.052296840050493454 0.4388727273987754 5.905059066620762 8.164093642428156 0.5517771873765343 14.124874856096215 19.12012397818425 3.8511424644851813 
0.04120176653233524 0.041563090295704486 0.047642886615724 0.08076084300049405 0.04167324200113198 0.04184265121299903 0.7903112548024487 0.08424784034466729 11.87549671810796 0.19859847295961428 0.40131960492562824 0.347957727688637 15.835341102364506 12.403947795864367 0.5979539129054242 
0.02503738584855931 0.025340005693184887 0.025104498638234572 0.025560210537074277 0.025018985421199902 0.03233963931080227 0.1071096388170695 0.040146396155799666 1.1020821269255463 11.562618670511043 12.463162348266735 13.61047854956871 0.3874565199366661 4.301314732115104 0.09333200325892316 
0.051184292038174574 0.05120150075188768 0.05117995300112988 0.051559951216762615 0.05690241958279396 0.051757523532539866 0.052208395324510354 0.05615341789605967 0.05230403722688067 0.05235201427980738 0.21830759212102469 0.052547820673164054 0.05389503576179408 18.08704748830175 22.997311219298304 
0.05111497749198325 0.05112760966016419 0.05111450049760713 0.05132608966826483 0.051123673634402726 0.05429764748593453 0.10496359877037059 0.14279795720412453 0.05181012269675279 0.05381050585938377 0.05398266121663042 0.18655081861505793 22.7297743596818 13.742113626967761 0.09586027188737586 
0.054425665496800744 0.11385469094114879 0.06443028826401495 1.432149742275215 5.178851127033344 0.9564984751313306 1.1517862160852388 0.1644901255817916 0.32499667494749696 2.467379159719273 0.08692531158259895 11.12497247969674 0.47186114645789107 19.185310932858084 0.19747939637951728 
0.07048625187519858 0.12241597410460867 1.000694051200024 0.8726570972423363 1.380168592652631 0.23839506426033916 0.07579647103140091 0.12769954624655233 0.09578752092076674 0.0714404780352101 0.2275517024019671 0.1345865603141706 5.785809593900858 6.68614598283406 27.626854427321106 
0.07124249055293053 0.07251483052886566 0.106319154450237 0.07250274087721631 0.09061390029808761 0.07717844401740379 0.7595020431052721 0.09314870478181334 0.3709728399188139 0.10251503090048188 0.1416460112276908 0.10589315854714096 9.888646330500817 0.3125958106959291 27.802444975988713 
0.042529514286189576 0.04252952493257501 0.04252951469673174 0.042529686131645573 0.042531735896866645 0.04253483450348085 0.04254178093733822 0.04273305535016952 0.04537668454779763 0.07937812441368242 0.4334800381412284 2.8943273113593673 8.856324715937838 25.263947150072156 7.346056393579743 
0.06114398011685536 0.06986388549873615 0.2161521610218093 2.091244298052863 0.5183764833129847 0.07546073501777799 3.0335536085893757 0.13565291866603132 0.11460046445544747 0.23450126922653722 0.11624531842618327 0.6430355987009005 16.26883765529576 0.36804989903925 21.200065747376144 
0.04064025145669614 0.05364732075398408 0.044695521540061345 0.05527556890112191 0.5176731004104385 7.015794715322349 1.763707529184242 0.12361326668559179 6.919019960459731 14.114719908694946 0.2112849320479681 0.6092342692812606 0.6026811788551875 0.714780489662723 1.2289622061210483 
0.04035789220892873 0.040838295062597195 0.04069334730709277 0.04040563429288497 0.055352497755178955 0.0401569525021022 0.041978600694682226 0.33456183247977933 0.05599939842075132 0.04759639539662115 0.0596030751081155 18.557919551240175 0.45516731602223975 0.07232530116792824 19.109213785178422 
0.02456935063651987 0.023629420442709454 0.024345897054137932 0.04932997003645276 0.03159194838908931 0.02471132892055276 0.025116794981914495 0.6570215090046152 0.05929985590727409 0.03607730096071173 0.030031866060719753 0.03855552490718114 0.027796031682621413 22.346968850619113 18.092723360289394 
