0.008850645582294975 0.011495007232162865 0.03580775387052219 0.04262296777961845 0.023069057212655477 0.17916284735568366 0.5325694632086705 1.7475088048203211 3.969345889081199 11.97381502212866 40.46925279336287 116.73671953533862 84.58273691021463 65.5775101342673 0.005195605746319256 
0.008704133464070484 0.003677043206962268 0.02432577804183472 0.05726234556690045 0.13938255889476894 0.3627100151028959 1.0001144346523332 2.606178595481308 6.547751951062705 16.28187034659424 22.88314789429575 18.24439129409544 82.54996487599067 70.89199372278347 0.0010463525720280711 
0.006399364475342603 0.014899523411180619 0.039231662839566896 0.08288423017183998 0.24398594713706206 0.739564465759843 1.9144416187267455 5.733840821385829 12.815232660005579 35.34285196431991 105.8157045241069 40.59998247446563 51.651936382130565 60.42520483706379 0.5691356962924424 
0.003225756675866635 0.0012330591462524471 0.010880456590321332 0.03090352961886799 0.08638779147169115 0.2656137445158991 0.8579759743488854 2.7808212895717173 8.158128601628754 23.68825455169847 40.10742620431853 129.36595447706128 72.56259359490876 48.72440939500096 0.0038367239394802464 
0.011238685623532065 0.008124569455527215 0.007097036951326693 0.021887035304351286 0.06536508069001538 0.18136978089359493 0.5069097410915565 1.0533578353676507 2.372500505728045 4.233921877935588 7.760763496099333 23.06524629476801 59.105347926646424 106.60872337915532 3.747441151969286E-4 
0.008574124251757324 0.011067501421840376 0.03495922895011815 0.10434071212012047 0.26214272368287156 0.8495408218306701 0.8502763421277086 3.800296399423293 7.3429077651694845 21.7923523715755 37.18428049305113 15.806684363629127 151.34279269819197 55.89709410977053 0.014055848996822213 
0.0040562980662982185 0.001876278443668226 0.011978847797466809 0.03225063544779683 0.08495160682929155 0.2411306976927712 0.7091346022811219 1.9288296507235485 4.221427535484577 12.17437628928964 35.352508162551224 103.68499544046915 50.26972375508456 49.710504628150325 5.758913522689921E-4 
6.425600662172448E-4 8.116627934408505E-4 0.0035501294611743465 0.007616740778783471 0.02744226922620296 0.08805193841028633 0.2792007071401671 0.6746522952367388 1.6538516555565443 4.408465467420494 15.073662267912448 46.55079579196828 160.56601014984366 81.43744704778149 0.011654145409853149 
5.681851233993587E-4 0.0013603546360168052 0.0037993056131737234 0.010563389045748337 0.024763126266241855 0.08030713963075677 0.25606992666859735 0.754854898414541 1.7313558071321264 5.04272101402647 14.38734204663735 5.540150509321402 48.56617140496213 140.79891668210962 0.018459663610399586 
0.0019345261996207075 0.004448576983829135 0.01248899493227785 0.021963519850563655 0.07349644788162102 0.22740860206958335 0.7522368674451921 2.207906634640041 5.084859541955531 14.353217832137267 41.63171398093591 17.525585614498294 141.90007737300115 48.65824886636932 7.964787532999207E-4 
0.01157550425008285 0.004010893094628267 0.004857281706820059 0.009130493220956779 0.029583738904827316 0.09895763527932552 0.30986280567406976 0.7224804737555256 1.7213475396695852 4.4256126597512635 14.39993651789254 42.51689716683443 139.115110275484 85.84391402032722 0.012193759880382422 
9.660461879281749E-4 0.0013123467767410712 0.0044942218868977936 0.011983426610175827 0.032853022195571145 0.09552201968137476 0.29446423891534323 0.8714108980452479 2.748881276127751 7.46623081131495 20.9178297292635 51.29864413206169 29.404860832496055 131.55867211846157 0.06968148513357623 
0.00870262435707871 0.006260574672671598 0.027902198731381497 0.05642792919559995 0.15305643704548047 0.4183384618129718 1.2012817560927185 3.136482898487255 6.699805186992804 18.14808925792234 48.59149233368527 19.794430947154975 29.953274440316772 102.82042604703791 5.118993626186672E-4 
0.011703950414910059 0.009081446299497913 0.015090306946679136 0.038923925710473914 0.08671397554767937 0.1545875555566139 0.3527392524454369 0.7394434503426379 1.416160104482818 3.068793168509672 6.652932796760036 13.799864696504393 30.169560403337066 58.9787241489503 0.3394781106271263 
0.006399930755548845 0.0079475284298122 0.024266614633390915 0.01933542602649605 0.021333372438702636 0.11233901603731314 0.11487305446875352 0.46567210315786306 0.6985688686822101 1.9101048236516547 4.119908120733979 13.96724390669408 45.653826842362946 149.30544011267608 4.980787509463496E-4 
0.0037760909976541548 0.007454694262265822 0.01614842162059186 0.037143657914009164 0.045594093197610035 0.1254480996790199 0.28251876116394004 0.630943933051896 1.2195326338355665 2.7221900687878122 6.191225733221708 13.213543168739209 30.98776981008934 73.46723685574548 0.41163144744458546 
0.00897213528902134 0.003215955925334907 0.017930929105624483 0.051343297324257756 0.15384352489502442 0.42527414870067803 1.1862789364266615 2.9972782187829887 8.59071917987426 23.850030085130918 61.01746104856457 31.48101580528241 104.48558048790845 66.61313503244244 8.87213219528615E-4 
0.008774163856909928 0.007269129365514567 0.005082016983916361 0.02564264265581193 0.05472378862642495 0.12951024071017764 0.3252591721883426 0.7870451138124611 1.5249386410217844 3.8148778372755876 9.63240002486476 22.85694629103394 57.90614397199947 76.7115818969076 0.006058012821886586 
0.012666749977816017 0.009021579433283545 0.042737577571784285 0.10715215593917068 0.2926158282515769 0.8365771515651418 2.5137003606765504 6.316634994588286 14.024697628917323 29.289754006065724 50.7243917554856 21.64955352943895 23.817690627532425 113.579792262866 5.62058438056899E-4 
0.003800572258956919 0.0015627049282289072 0.008131929077037433 0.018900705100790414 0.06967609776517371 0.2080263286975684 0.7061990749145449 2.3223989700564256 7.304837283936821 21.976312852813166 76.41453856096106 35.94434281848348 127.45102700267547 76.33224267407715 0.06395458631413584 
0.024411613539575952 0.010865207494388183 0.06748870239488533 0.17416979603927674 0.09516250513958464 0.5117043559393125 1.351059929978316 3.633598953988433 7.547950733634403 10.777368538390041 31.81544502944762 82.75283686985313 49.459672771082005 59.63961093354101 0.009022407584181387 
1.5197701765571204E-4 3.5128298612982197E-4 0.0013455182671671861 0.004009834509440958 0.013362239411516954 0.04533983645962727 0.12824809784205957 0.44035322338425287 1.400296887872373 4.562343039588711 16.490857328032956 46.05462349785719 170.11791433075012 63.78587680483034 0.011974916610320347 
0.01827736450129398 0.006588171548760402 0.055666067747783585 0.14200127624592618 0.40069392560270983 1.1171168026051765 3.4120605825853594 8.65177550910104 26.650481403973927 53.37714921029688 92.70403483448683 38.97683752198119 42.845226361164436 53.15015828496907 5.241137596233102E-4 
0.013220820291241707 0.03466547964414363 0.01664509490122395 0.02142646010638819 0.1143903567621521 0.23324420895113682 0.6987568009295704 1.9970068634180058 0.8942883449007082 5.532873162169275 15.055007909000725 6.075384298595567 39.803469012109 112.66960813478487 0.009991960072403454 
0.004056155272516744 0.00923504288443965 0.02722538812555166 0.08756135597809299 0.2803245282325291 0.9401386782084925 3.286485891755219 10.136248244947621 24.06568610077439 80.22123212948864 106.16537544366139 46.480456912946956 79.79540003378557 57.70992708287072 9.5507789386155E-4 
0.025331824435357513 0.008773784368006618 0.07907818183952042 0.035116957842193514 0.2594571320510819 0.7273295389472951 2.075422695367937 6.423072764340425 11.811724528411826 35.14807775335276 113.62934534474495 43.046010538463634 42.96147291340758 69.03538171513858 0.0014299102006655982 
0.017657554897180155 0.005513732905583518 0.005992933530869046 0.05798121021745948 0.1795210017257482 0.6220116466806063 0.2781511009215432 0.2498609383977026 1.6476783395832648 5.596190839091032 17.443007594799393 48.06619950991473 25.32903555865012 180.90333619397515 0.6114783604399273 
4.809691560954956E-4 0.0011077386237477746 0.004217055960005044 0.012338575593069584 0.04100714432374664 0.1383755013125431 0.3898193820411407 1.1801724498781765 3.7794021654554903 12.251550838662954 45.32013604608659 160.57466265581164 52.02212496118441 63.39699852329514 0.011857117808424718 
6.77201856046004E-19 6.771956303189341E-19 9.577152354821384E-19 1.354406638141508E-18 1.915400346264627E-18 2.708838429892729E-18 3.830824516619995E-18 5.417548026258015E-18 7.661682196096587E-18 1.0835365392028026E-17 1.532362351403412E-17 2.1670989231161204E-17 3.064745559642324E-17 4.3342459166035036E-17 1.001024707554062 
0.016392825836950776 0.005335255746961975 0.05200777632572203 0.15807755240644233 0.47334291896726727 1.6878898598142156 0.7899791125385215 0.6368957507785968 4.608301197585495 14.983446185496767 53.56522846928631 141.41325187434637 75.84675015459176 49.729109187435405 0.5939981398622596 
0.006215892302557452 0.00822977431430624 0.03187019835441129 0.08429695125349167 0.27869190635850477 0.8100268619043496 2.6255404483808267 8.233366411950037 23.76724693501477 67.53241599828677 91.72746975279982 56.932420873902416 62.89850227901146 56.98855648852377 0.06449718377344478 
0.01952989943903538 0.025637912756458926 0.013267350687058296 0.04264112922908557 0.1569989829249707 0.26310606559985156 0.1718782645897505 0.7942566177094832 1.756991573725165 5.541160794422575 16.664860040956565 39.01720207406529 112.75506806197768 61.90244681865137 0.06166821026389132 
0.0069145229986242365 0.01788612326001745 0.05307012271292469 0.11009425041603003 0.34883029579968466 1.0463893656194512 3.025492219748627 8.622445456455921 18.95387107249893 45.58084295766818 84.846874746752 48.19837661905349 63.1952014561594 47.08082296332956 7.774334062417329E-4 
0.019092262413035032 0.01004986651407966 0.041399335106332286 0.07321378581159665 0.15845236503518118 0.33998621391160583 0.726923862294672 1.4845370932610313 2.7164980036984234 5.681609849677221 10.869420810029862 24.1425863895416 51.3152080778952 31.09602930507779 4.7637409859409674E-5 
0.020414668741810776 0.008935354739105663 0.05632897256681559 0.1433797715317234 0.35159505136068087 1.001762421308963 2.730519560463688 6.9793337035273595 4.640153242224349 20.15965253992478 34.039825092612396 91.94456336306033 48.759799323323975 42.15180426656944 0.15474465024498052 
0.010074995679138455 0.0039761375361817165 0.032728893547925034 0.09024488278522029 0.26861035236211245 0.7905468293319238 2.4636794501453507 7.699223859005905 24.821283160784375 51.25281402111381 91.454609784826 41.131402440778345 62.03194654466102 78.11852209442084 4.570556973927669E-4 
0.010244787179175398 0.02331004167237552 0.06166655893383626 0.12070270426289825 0.33942291702659505 0.8512166505393184 2.210511893999991 5.59843261236275 11.510358496790557 28.742576659887373 65.81124837625106 40.262670260746106 51.114271083107994 41.46015425088301 0.0015500536470464163 
0.028173299487925088 0.011206406402506216 0.06439140517863473 0.16992171966429356 0.5170154406878122 1.3989893948908756 0.6251273396336645 3.2721154344639136 7.286098344312751 20.633562246136904 28.79179716648658 99.0576218268505 58.926444734963034 49.415214253303844 5.738562935637368E-4 
0.022693756594019118 0.0121885056396736 0.009190061786255078 0.03406842785639709 0.1435618123053762 0.4547718249469158 0.2275566272461055 1.6015722096109082 3.669449771268257 11.089792136422753 38.166774578208106 128.498012368916 67.6273195775202 72.16383924983552 0.07812891773883583 
0.009016799290160742 0.02034871588451699 0.058217888914220715 0.14236373093625654 0.3677213418322853 0.9736346195514499 2.659849469050112 5.63359402723989 11.554688256172096 29.15351356675973 47.408570191366344 24.371124660805137 84.67987573510123 53.3515217643168 0.3822326047877546 
0.015612808512053386 0.005598471599652626 0.050941803454458714 0.10785590247971204 0.36646932222511297 1.0862065880213498 2.9907456739681724 8.079948983360175 26.4599610116569 73.29806536694991 99.20057836453651 41.59640033245917 44.84153333401046 56.80138790719945 0.0013473007973671721 
0.010772162102645682 0.014082263440991007 0.04860706826621053 0.12391858023961759 0.3909199531317643 1.076793634307346 3.2845136576361793 9.505784807195658 20.877602481889326 58.246445034248374 78.8885407411986 50.99901440427491 62.09760341757133 51.838356501946656 0.05750514718481452 
0.01476910175857915 0.007101866970303101 0.05030374581312532 0.14444383190619717 0.4286278414263671 1.233332015025646 0.7107086723994211 3.7879647996421264 8.708057950572803 18.881857558226194 33.538670610435354 120.82760613157372 63.077439375192526 54.63369121494598 6.746000316240178E-4 
0.005597867135981372 0.012578122588087201 0.038151277267812575 0.107045285922241 0.062453514983956494 0.19025086527126717 0.7084319029100711 2.2245791668176373 5.098152066315133 15.136431536022295 46.10388416476602 26.36016805092203 27.570668719994245 142.00385061549323 0.11697215176713682 
0.004257225940148379 0.010154412480150296 0.028619468637994857 0.06351149069073456 0.2147009075298522 0.631907650069602 1.761745927898149 5.712932656693105 13.378749937600452 39.387761047479856 128.09655320442204 44.415135739317314 58.04539203877198 67.12103131491655 0.0063461526538388146 
0.009111339756651439 0.02110703806977527 0.06376913131123718 0.12938349311132125 0.36964187947311183 1.143845358850528 3.4128679047182526 1.2935901902093734 7.9810785178094745 23.08331589992017 38.15265343044736 102.15559709586194 57.02936693098607 58.82946718686691 0.07600067388205992 
0.007476698950204548 0.017963404904969 0.050623179035181105 0.15596999933268096 0.47744802709337314 1.5289437719611263 0.7286738879410459 4.986036874393737 11.336695468361158 35.38741268021153 116.82502170511668 44.75491381007729 74.16922810589298 55.18150046643185 8.78590029132727E-4 
0.0128539295753806 0.006367507637677842 0.03327562247579239 0.06384512704429181 0.17412501129302374 0.42125540810517587 1.0562048877429469 2.536148645964091 5.115631007785256 12.681156647123016 30.989934554387904 70.6441718077994 44.50281439220212 38.10534031093171 0.7810915809486524 
0.022013302451371924 0.008778158060930899 0.048309256932845226 0.08351553928999124 0.31368968218589127 0.9209836272969278 0.4302816236486841 2.621581861333428 7.748359774662059 15.175130048633072 42.93012697280168 21.320286431009265 130.64264906029598 71.2336059020812 5.051643765223793E-4 
0.003885442589258028 0.008478225337827763 0.02750070582583878 0.04379513329190008 0.1342411385107828 0.053071439685844296 0.42488193035252597 0.932926212139707 2.2220128961763495 4.564652456278547 15.804764782995704 48.02556450191819 132.72130991229525 47.725715139935915 0.7668348281233298 
0.019513391946606225 0.007479223171970919 0.05604435361242898 0.136976375048453 0.3677238004157088 0.9489998934682241 2.6818736096643967 6.470535000114765 18.84750463448633 35.23160304999803 87.85659833806997 36.39089961194338 40.17574154892245 50.219955537246356 5.20335027528975E-4 
0.02449720772200569 0.009960743450601117 0.0630271439372044 0.15668217526333333 0.41789568249040954 1.0398408253859837 2.5359724788498905 6.631082722224374 11.458875216530021 23.765629598040924 67.23641243018209 30.124827533463385 45.76992567475584 56.746778278911826 4.550387156361476E-4 
0.013115572270060983 0.008074532882388848 0.02992331850512311 0.04104561987447924 0.09832179582954684 0.2403822558502515 0.5636919691932815 1.3399976361546373 2.605707089760812 5.366842828275631 13.140427505481663 28.317893637983094 16.778991420104116 79.63327506274645 0.002464602016022914 
0.021985523064154203 0.018260968241652523 0.01419929501567426 0.02297081625459354 0.02332345533021507 0.052927031086896364 0.17050966048874366 0.4430195751491621 0.930062295383962 2.445505787075614 5.9051816231549 15.790076995095262 41.60596691357225 92.41177719382715 0.679731396985742 
4.026445252868607E-4 7.910743437666049E-4 0.002977155243146011 0.009331123197303061 0.027820660874503706 0.01192344986955145 0.09489591177954984 0.22232424212492258 0.5607350985842078 1.0599701774064978 4.223255270558405 14.355880670494992 51.54067364166971 174.21493610384942 0.029012886869926105 
0.005970000614051058 0.012426436245562333 0.005821870060070684 0.040276795891442375 0.11347432977484337 0.33391649765460374 1.0145106789443807 2.78618541413777 5.5595660606232125 11.360522655660496 36.733869307580804 14.626212405797327 24.566577317224283 127.80274710792816 0.003981398977744327 
0.006086580767365584 0.0023503796250822027 0.017277269200245405 0.054457503768515415 0.1712272493883012 0.5615903054471568 1.917225412005428 5.850861952352728 13.725348170885589 36.59236643240175 121.64188245031993 60.974721583358196 68.3574016798047 56.69227948313083 0.07148311711771171 
0.0033034204564783686 0.008302243482439894 0.02790593262038607 0.04547215905156462 0.17211072269627614 0.579475935939925 1.493456230046768 0.5258608411863527 3.3910657712984342 9.795742686155435 16.155558757549002 38.281511788454424 24.193845770559278 156.11509512640856 0.21635238514895808 
0.019549231843338885 0.008067420160261726 0.038063709294210574 0.10214503779375746 0.2897822864918197 0.14470908307793742 0.8285497174985152 2.0953827185074694 2.3759414893148727 7.774161298975429 21.01823522811657 53.70962834744974 28.329535801657943 97.44174816497498 0.3361817871304542 
0.00765118360263319 0.00633405887241735 0.00444152924222321 0.007502418262720135 0.007290054201764886 0.03319277035908926 0.10320249034340802 0.30417540423545475 0.6910061436203674 2.0476204636539914 5.504764199182809 16.58778023070473 49.847059352062644 121.22252283185743 0.8746855440863615 
0.0030625845598331093 0.0064604660244553655 0.019425435858953958 0.04921870006427339 0.1091493800059193 0.31464137265726216 0.21492439566318391 1.0406652375684549 3.061357822402435 8.557638713281774 21.692819731476188 50.90673397950948 29.31586299886236 111.6445913824321 0.3085069858594833 
0.009506192793495686 0.0031658037831115843 0.030591496539793032 0.08701786505301205 0.2586455758725367 0.7354505976312594 1.9839134784396035 5.4182478082815795 17.899586732424147 37.23701360738514 120.75156454290337 44.240746514092024 45.86096573708417 57.3520078219546 0.011111267545135507 
0.004054032502308779 0.009561099511624465 0.03513040275203486 0.10298291360420364 0.057691721293129626 0.1808395356530754 0.7360541280789207 2.0466765028743676 5.013923373254134 15.748426597041725 51.13424929448041 28.056738280836 28.956142350164598 161.91871965347792 0.13235595652798793 
0.009518817142083103 0.02103994729617399 0.0524082914511734 0.10694508567710387 0.2952481692098688 0.8189631426351034 2.0111861888279594 5.597391326904672 12.013342165610272 31.292170635001057 86.25435252918052 37.10660277670788 54.00254334395358 51.90162913465223 0.41580419254483536 
0.01758352546092271 0.007446502992224694 0.04711491859750802 0.11523823152395048 0.2971257434499424 0.7218455583996539 0.4158720795430743 2.1259074125087243 4.3418243982277085 8.279925987141546 19.76854552103343 11.332027170413726 33.66210262346481 97.86066792866073 9.915147768855632E-4 
0.001873358275370253 0.004271576081482207 0.012614261073885673 0.040652883251810164 0.13042035912735664 0.4383812083288764 1.5361752417917458 4.747394979698006 11.285150202771131 37.637935578748 130.39813046577538 46.59623914972403 80.0735817088291 57.8321039251414 9.588881253451196E-4 
0.00520244778559948 0.012592795670250461 0.04221734708728309 0.0937149987046009 0.2847514971431788 0.11800395458061666 0.8278614617101281 1.917002270565095 4.589946903737587 13.143095070166723 40.1988956032282 14.417761645660992 18.692510428548108 149.194744506543 0.6221773171931024 
0.006836262508492676 0.0135485497840382 0.03191718022060523 0.0685612684928185 0.08565827598926203 0.22641373275870494 0.5157611912742603 1.155521523929961 2.2390798331482364 5.508289093692733 12.345253145439514 28.53759288941218 65.90054736044303 36.73804208691699 0.6472376168863274 
0.0027892250900179477 0.0010239691957927833 0.009876101311389777 0.028741813645218765 0.0833869834940069 0.26730522573048476 0.9035932359415131 2.763940700481061 8.52417106716975 25.71944157085542 43.63508372133972 142.14568941499033 77.7957338227441 50.33437999653488 0.06432953237363735 
0.0034445121570452764 0.009866095865114477 0.030437265001812475 0.08223087710017786 0.24594502097837473 0.7268501733772148 2.3644118759318435 6.306123687863966 15.12603461325039 32.26918246779346 104.91638966071557 37.75546808597745 62.96613145715035 76.11867006329045 6.43706098048796E-4 
0.014407533929947626 0.005284414990606371 0.04031586743139725 0.10110755743185865 0.277797985460655 0.7543207795319481 1.9214447723614445 4.857999954251741 14.142263031229959 28.079776737943448 83.09425494672742 36.48297723818413 53.17267525938143 65.85913788432264 5.438912230215869E-4 
0.013380527935544773 0.005337282404697919 0.042628295684724676 0.11941936776827138 0.38119455529872764 1.080985827663264 0.5527743235275053 3.6453372842870504 8.131491628695533 23.045827937968166 31.44517645644886 23.332295427530475 120.42109461471857 64.5340165517943 6.414432958155009E-4 
0.015263861249114578 0.005620500043230026 0.04327680059307527 0.11019716092709794 0.30757674744567004 0.8482875355842245 2.557797571862762 6.4257418440720055 15.064788508548359 31.14059875509673 93.90451614319254 37.15338351410037 39.600136877752725 67.62474093717935 5.616455583906734E-4 
0.012711192621313948 0.004690607873129995 0.03651030637339444 0.09243487475448983 0.24738051261176888 0.6935751713377233 1.7587301908366566 3.720032476599173 7.83872599820461 20.412822216549596 59.989997657930665 26.221839219135802 95.29242996719424 48.7565267950461 5.357735957504318E-4 
0.02497593281216157 0.009454024158467607 0.06858905404918442 0.05639175122334705 0.1910489205644699 0.5101069206703593 1.3701639713433953 2.8361880414099643 6.285525184555322 12.008408659568245 34.26188228584057 16.311267898930595 23.136532037044045 109.23829339008452 6.139005285142117E-4 
0.012557343457185179 0.006013487326616736 0.03239444746273864 0.07536720522936403 0.17122261952791046 0.41700921430769544 0.426624273992495 1.2629534242954727 2.4166709439342005 5.921366555688738 14.367384242353875 30.58643891004359 79.95737838180172 42.92013447293817 0.23756775291650745 
0.00557998841674935 0.002249160040250435 0.01711838396475426 0.04572109758584279 0.12063276562343134 0.35677115306993007 1.091367674348084 3.357801882980608 9.921417155173007 28.4361798710961 77.16274135439348 68.53201933196786 71.06926334368374 57.39725463672388 0.01864588823901265 
0.006846233288261759 0.01347649976369273 0.036837653595264745 0.08875469985062963 0.22282832091253776 0.5763409399642825 1.46783394060241 2.8930516840298393 6.074268054698502 15.459893945366472 34.22777077261889 71.80532525827094 57.72218996850938 40.31303804619898 0.0036411540649611196 
0.003492418602708528 0.008027034990254558 0.02241166663293054 0.05845877822217326 0.026550277680374743 0.1790376131578729 0.4745291426380528 1.2835230233936594 2.724883544126134 5.265650610287156 14.34095937245958 36.59457937388563 21.77824695799845 112.68404682062236 0.9506988901437242 
0.002316050181926208 0.0029126320936540824 0.012488033051621312 0.0347127613993867 0.11197629098323968 0.36528640412289837 1.2726506421317814 3.5889463415606757 11.188013662692281 34.2044527512547 43.356551908873264 146.6613638435737 51.19819636002101 59.183058515042354 0.005600397760325233 
8.119026214003344E-4 0.0010230189151098751 0.004449872771329547 0.015971432505813874 0.05088552080945707 0.16822857728221124 0.5416490341076576 1.5577462835876796 4.909364926863453 15.160408146132749 54.84826522153138 149.93705778345242 51.5789181087442 62.06701655156743 0.005729356163162186 
0.008766435603638394 0.002891407783558353 0.018226365672371073 0.0548116837142859 0.16957089509976042 0.5362000726279724 1.651137905942655 4.376347357509593 10.444082032764216 33.7474463443159 109.25458484353473 45.481755447061666 71.68554040308742 82.31255657178873 0.03584245156961611 
0.014685891541521985 0.0063255658121762915 0.029324778936659957 0.07380116903771282 0.1970237820933844 0.4974951394981844 1.237710319905703 2.9749589125833915 3.3783231884980776 10.576399242728883 17.809899545478114 47.391483394283355 26.483327383518578 85.51207725152493 0.3267326688232829 
0.008412814123541994 0.016824512748922868 0.03845746400136478 0.07420690793199379 0.18535360820688226 0.46196812813031013 1.133682516307462 2.837818187464988 5.692303323539993 12.120953461299907 30.77026595237635 15.219951987167306 18.623531001685144 89.38983946350352 0.3281010420275571 
0.014107405329919102 0.005254798867513203 0.046077022423835545 0.0743948405746681 0.26204602998183435 0.8159471224763951 2.747128997506831 0.9330141856997962 6.674369048840862 17.02524542198761 50.933515455969776 121.07627887968316 71.7113002859185 59.73395657022745 0.05980803100629534 
0.009260206141822583 0.018030409564528782 0.041798168906107123 0.09474970856136704 0.05061300605419074 0.2545187224882181 0.6040671138340484 1.4467175791164089 2.8563361676270946 5.228332979914788 13.12478507021552 6.583222530455994 35.279364944948185 83.4927152596188 0.7389423766589126 
0.01568733465609855 0.006689068895444272 0.04091262014455803 0.09556170014500542 0.23460710047257052 0.5915348467300858 1.3859421887301302 3.744596347107139 7.492197662556313 17.852764177943325 47.4511992324123 23.599072463946676 75.61631949841177 43.16715483241978 4.365353679011612E-4 
0.006193411213353126 0.013068788661315413 0.03428612849142993 0.05977242084934704 0.19005631930446415 0.5710696047526045 0.30820536466103715 1.7960627761298031 3.9389385766613167 12.74579361321549 39.29557265297252 17.22335988419598 125.69312735174387 47.72877154226518 0.5636616173671548 
0.005643159644163776 0.0075101402484720565 0.0037810114067804903 0.012493250966404893 0.049282125418841104 0.0839816512310709 0.30263479705976787 0.7464502649186944 1.7378469489044006 5.384556163010851 17.227000616650177 42.03349718758501 128.47328793687294 67.38980968499645 0.06974521528040498 
0.015493897475907509 0.005924093561683701 0.007074747173357757 0.0397628618460381 0.11404442658316222 0.14354263067301862 0.460391316100633 1.2246858911735747 2.1760235288787104 5.870468216414783 16.27925708266859 34.690499349810366 100.7807512133815 46.23247249908499 0.6030601506886978 
0.009782278435670288 0.017442169601928976 0.04245114505042245 0.09187703170910956 0.20639626344536535 0.4750895179585367 1.0761720911212915 2.558662378498812 4.808236394869974 10.94524270442485 25.543872350269282 48.786533989367236 42.06089747862725 39.974769708024475 0.0027534110383979154 
0.006613556872715159 0.008269834911717983 0.026035331195251706 0.020438172826355298 0.021136501239099555 0.08853334528364522 0.09434807618914082 0.4203442591560746 0.6315110940810806 1.775493348813609 3.902207523986946 13.842133120981106 47.404216233593786 162.6067237964447 5.39924263907903E-4 
6.77200118739596E-19 6.771977085595767E-19 9.577152299107033E-19 1.354406793241092E-18 1.915400833621283E-18 2.7088407960129642E-18 3.830826820340214E-18 5.4175976216279626E-18 7.661718782753118E-18 1.0835416851418162E-17 1.5323707423433188E-17 2.167058925721058E-17 3.0646823552093844E-17 4.334185984809094E-17 1.0010109580519344 
0.011232772056412033 0.011231012547340317 0.015887442925880575 0.02246643592913543 0.03176690906565639 0.0449363881185657 0.06353597795049493 0.08984476472145443 0.12708783525837342 0.1797021227199466 0.2542086149475276 0.3593889300929605 0.5082406799575947 0.7189285210027246 0.0 
6.678817194818628E-6 6.678765753884182E-6 9.445307497792678E-6 1.3357638262318646E-5 1.8890431795538195E-5 2.6715429083082803E-5 3.7781121252472557E-5 5.343041205524835E-5 7.556251535898095E-5 1.0686221473303355E-4 1.5112670095213018E-4 2.137229099183612E-4 3.022497381633858E-4 4.2745004066379255E-4 1.0006326026630121 
0.00928583635729858 0.009284445517330068 0.013133182810119945 0.01857211762112347 0.026259028087839392 0.03714580596262674 0.052521205142671154 0.07426889811429845 0.10506021694040198 0.14854127519989022 0.2101344274044539 0.297085104833766 0.42015353615918294 0.5942936483897461 0.5712181256045119 
0.010077716493236341 0.010075918419479852 0.014253959873639347 0.02015585850336878 0.028498953007016326 0.040313690165895644 0.056999452268850746 0.08059217753386368 0.11400911976875587 0.161205003378029 0.22804871657215323 0.32240337776420014 0.4559984393553448 0.6450027898173006 0.4540679274830932 
0.010873899073432575 0.010873715727065563 0.015378578671443948 0.021748218237255364 0.030755334600273247 0.04349664466943246 0.061510821386657845 0.08698597718769867 0.12302360740318818 0.17397716157131607 0.2460552838141253 0.3479556066966551 0.49207760689078106 0.6959398758397135 0.19749055192186318 
0.011008665395053891 0.011008000168799891 0.015569327724921865 0.022017155920513544 0.031134724170179044 0.0440348792656801 0.0622695487697252 0.08805849867270107 0.12454618875515801 0.17612851271991473 0.24908491983649714 0.3522282523999447 0.49812260547304615 0.7045173723214161 0.14992621450963223 
0.011059566043322883 0.01105952539099729 0.015640741533143546 0.02211925120473942 0.03128100809185536 0.044238930762821094 0.06256228729206735 0.08847637114600698 0.12512637648563318 0.17695368069794984 0.25025454529419955 0.35391483470158086 0.5005041732484314 0.7078320558283155 0.004395074956902435 
0.00425243956050657 0.003661458043239373 0.01658612263253324 0.026754288067286303 0.081444826670408 0.032315219276735856 0.25712598557339006 0.5645446512465265 1.341773746833696 2.463051401114739 8.268891522827905 25.188104693980463 69.42425492971942 129.1462140028226 4.489257584547167E-4 
0.016341418069358703 0.00701363362699806 0.009115939818281241 0.029516190595864605 0.018022507268371818 0.08854683514696884 0.22172675113268017 0.5062218713085542 1.0005362807369529 2.3229862196996653 5.854992078500613 14.114229959611665 36.18160054915343 92.94166509338372 0.003098720801385418 
0.005953965090470005 0.004421139688428764 0.017810104707168366 0.016173317111244277 0.06139978540913315 0.07717350431296056 0.2569873992841949 0.6432761811126319 1.2722293872267962 3.666556358796948 8.633333682421291 23.964815342883547 65.07695271004813 83.91068154856741 0.013475194143551904 
0.003119087590758137 0.004806013652913119 0.011911643527785187 0.02488940330043982 0.055512895755636615 0.12893164136963017 0.286199227865471 0.6779718827037541 1.2722990212885552 2.7151551115103034 6.528214025753489 12.944914246847505 30.698045887556816 71.61111496064913 0.003948956590422028 
0.013274330698735607 0.010253507621002255 0.0370937137385624 0.08254471606006544 0.19267143661165384 0.4568652923760444 1.0670290738855874 2.6075490677644746 4.854121434841972 11.454903485073114 27.609569252468557 53.783257619780386 45.44099440550912 42.35407655962382 0.0029806826388206024 
0.009285823543357543 0.009284432705308314 0.01313316468705341 0.01857209199262745 0.026258991851831715 0.0371457547034672 0.0525211326663104 0.07426879562732318 0.10506007196310825 0.1485410702211389 0.21013471724140778 0.297085104833766 0.42015353615918294 0.5942936483897461 0.5712181256045119 
0.009285752174019852 0.009284361346660379 0.013133063747674027 0.018571949250532592 0.026259193759038305 0.0371457547034672 0.0525211326663104 0.07426879562732318 0.10506007196310825 0.1485410702211389 0.21013471724140778 0.297085104833766 0.42015353615918294 0.5942936483897461 0.5712181256045119 
0.007352782455240154 0.00735212422539832 0.010400363510755201 0.01470699059616972 0.02079394438289941 0.029415736117669095 0.04159178682961506 0.058838480562277674 0.08321372553560026 0.11765994888566599 0.16640890599657227 0.23527403972882646 0.3327025114358024 0.47067472871420285 0.7738829240847479 
0.006426970570039099 0.006426787220577093 0.009089297273574737 0.012854507074090213 0.01817812422906686 0.025707536785589086 0.03635549568234576 0.051417186875005544 0.07271505100103885 0.102837766067455 0.1454374861157329 0.2056683057755178 0.29085825200740273 0.41135593164568707 0.8170969174326308 
0.005031412174771404 0.005030713459472372 0.007115985573664495 0.010064899198682037 0.01423024807623203 0.020128482019605307 0.028460993912194497 0.04024478859596083 0.05692019616759385 0.08048646744075007 0.1138552781056478 0.1609703966312357 0.22764522389287395 0.32200965934933 0.9065569777032257 
0.0019657739026733255 0.001965770472705344 0.00278004081104708 0.003931559487514285 0.005560037054846859 0.007863153500865994 0.011120095238598374 0.01572618412182853 0.022240296295513464 0.03145232166848805 0.044480690221331456 0.06290534286748141 0.08896165380612787 0.12581132064835365 0.984540431062013 
9.680865186559571E-4 9.680593150953621E-4 0.0013691098802112122 0.0019362184482575456 0.0027381188608407345 0.0038723510431976733 0.005476194475738511 0.007744644522403309 0.010952813724670265 0.01548963689745485 0.021906400657976086 0.03097863942059976 0.04381083304458562 0.06196039976157926 0.9991451069287278 
0.011059600000860483 0.011059516959034272 0.01564075999667048 0.022119277021661894 0.03128104192076168 0.04423898046582885 0.06256235758817656 0.08847647059617876 0.12512653385129927 0.17695390856174428 0.2502548569424298 0.3539150001933655 0.5005036899605738 0.7078320179028843 0.004395074717582578 
0.014366102710309999 0.010360544417531018 0.05116712864100198 0.14858570952642303 0.46677146453753715 1.2989509688650964 4.009497278875057 1.4500830947266068 9.33921377457468 26.305410183990222 35.65011747482083 106.47237220562252 63.26817199212299 52.4964443926709 0.0014215463253912347 
6.772015724468543E-19 6.771953467223917E-19 9.577148344093653E-19 1.3544060709419833E-18 1.9153995441316964E-18 2.7088372954831465E-18 3.830822912344158E-18 5.417545757492803E-18 7.661678987531023E-18 1.0835360854384809E-17 1.532362993109395E-17 2.1670989231161204E-17 3.064745559642324E-17 4.3342459166035036E-17 1.001024707554062 
0.021941702033744428 0.009091019757141118 0.07354083721217154 0.1577697766921988 0.5200073834333596 1.5537025198584535 0.59649535501605 4.530466817568004 10.55299713860327 22.71981287314935 40.0200599480726 124.98419451578998 65.0168309442776 55.98265591302398 7.045272773555339E-4 
0.008251094914536882 0.010804863062397698 0.039568992245138816 0.10069196590654542 0.32035334779301305 0.8884502093800579 2.731530500241419 8.023618452152098 22.18872782557263 60.111444247650496 81.45162336456056 52.370404453021266 58.44914292944539 53.85645293707068 0.0583536078449348 
0.001350849516965559 0.0030088408856588315 0.008649435518961062 0.015305210652652322 0.05239942866011557 0.1702753047005222 0.574787769562583 1.7213684844776131 4.013785261137792 12.933428908215868 43.19671691383419 17.54572305837217 148.05148704545064 51.09230722723851 0.6525009123749808 
0.01123274427218607 0.011230955609748431 0.01588724478775432 0.02246629890335954 0.03176653798002599 0.04493432663195714 0.06353455376164742 0.08987630346277466 0.1271086586435633 0.17973135978990573 0.2541915144449065 0.3594096814929389 0.508275133978117 0.7189907221777609 5.227008817273514E-4 
0.008965824893817866 0.00308302441148338 0.02801380413242854 0.07777961042519185 0.22539393887366874 0.6505966591043001 2.0634856330303935 5.391746573808842 17.291207588060647 35.255474181613984 114.06541238107738 40.66737774297952 44.59789512038961 55.56917860958626 0.4261893278267423 
0.020892986396605594 0.015301024428269755 0.01166854845355473 0.02187181270675326 0.082887297800011 0.18769878955629687 0.4657336945752205 1.1175871161092399 2.2044557911835434 5.437395477643957 2.644496746049433 14.106754535453842 34.630296724775945 89.50298581063463 0.5007426945935347 
0.01724582813029795 0.0062411005249469916 0.05192045021056797 0.12849728470121116 0.3636398084775806 1.0103934966699466 3.0652882121854352 8.730978219967694 26.369681423665586 52.8441888228307 92.02712348628016 38.82061506332256 42.68377837481002 52.93034093316508 5.709767422019483E-4 
0.010900085286886262 0.022621076281702575 0.026220899948077855 0.08574340028519843 0.20886166531018455 0.5034219565562206 1.2823446889602477 3.2155846507934105 6.602632758075475 17.104429379414178 25.34555178905752 76.70983057439756 50.432212623045125 45.5096565002034 0.13098574170411584 
0.018778212570500195 0.010237521671577888 0.05964475193812271 0.15974148239310046 0.48133589030605783 1.3198394843583894 3.575967924319426 1.429765395010163 8.183463433987962 20.64862147550243 34.37518582134654 98.80614498975326 55.29292570203631 51.709920848820666 0.0487958721110501 
0.012487573410479852 0.005118938238781628 0.04007776005573455 0.06749644855367973 0.22416949110969284 0.6687016328257461 2.1571798610583235 6.4085651379489965 14.58249838335797 42.12950402998393 110.2893519445804 41.93629697767213 55.6468011106544 60.07761985814196 0.002393263073644259 
0.011940534326347094 0.004266994339500882 0.03400688189157785 0.08682722913748427 0.2433907641150089 0.6740914157433426 2.043064354599298 5.151087264302326 15.745865090959304 31.428733905567917 95.05121606236696 37.13990310598147 39.80031322381863 68.12620478989548 5.667521062940491E-4 
0.02668407761494993 0.01066918094243036 0.07016498514360348 0.05838808028973633 0.1898514770766808 0.4860030874484966 1.2495935658836528 2.5207867951104403 5.450700911233476 11.885439496346889 31.70423273114725 15.86922121170863 22.298448880608113 98.39068529688082 0.038075473462757824 
0.020068984676208167 0.007397259591061355 0.059865337808959626 0.15038340425296876 0.4169275772499317 1.1420643081383923 3.4171997373282244 8.534233689608286 25.75641831954456 51.115923001825585 88.34961599601486 38.098219132284214 41.938215937922195 51.92145711360518 5.466654033984955E-4 
0.01495089308960257 0.005161160101175333 0.045465120415442324 0.11387408000726247 0.32840927000981296 0.9002786241199111 2.802021152810786 6.821252964568969 13.035564834720619 31.793889761641505 100.9038147004727 38.21670460033089 40.245071139153055 70.57587067066241 7.791637254842461E-4 
0.0026853593829323924 0.0069782477913362985 0.021214851091991425 0.05447979074099048 0.12856461506566857 0.40616776287753736 1.1758499903738866 3.5126255590339266 11.067258290178817 35.0348949010336 103.85584560894264 39.32106566987477 49.170157598947554 73.45197140936406 8.212682894553424E-4 
0.02392132502633707 0.009388982153241193 0.06499404746648556 0.1552240266798841 0.40641929096545826 0.9822125008760851 2.735488079671692 6.491663396433739 12.886730566522363 26.3696618609352 76.34825274847852 35.13100469141396 51.075463101521095 49.33192593951492 4.843238490069159E-4 
0.011658269339441056 0.009034425911224556 0.007964864301906295 0.024357277743302656 0.05909870716150064 0.15159706996844427 0.36200028298071585 0.8040449561695391 1.5598181037714394 3.543755850958119 5.631691463042446 14.625243199737847 37.12487109212993 83.99735900138045 0.2662602376052051 
0.01805701268907533 0.009844878148566903 0.057348323809857084 0.15374547869390265 0.4631540365511239 1.26987388966555 3.4403047626754173 1.3756875376377142 7.992142874997582 20.1043421982286 33.4683267525989 99.22479685139228 55.2838761664759 51.708164212810296 0.04878688643330539 
0.013426615587759158 0.007078735352261116 0.04051826927436012 0.08782288228819714 0.293062289288329 0.8601672233615173 2.450748692582603 0.9241905975066707 5.907564685141732 14.58601594759779 41.52375730813048 112.46556755004606 60.65099869451646 56.62214490932657 0.05461593315432844 
0.02006973953025196 0.0073565976494581456 0.06017703927554416 0.15184346269472446 0.4227822407891259 1.163182351868756 3.4098279438071004 8.573334034354689 26.006001803248697 51.65661142192777 89.41936227449519 38.31750535101173 42.16436717365369 52.22641547478466 5.637146955589516E-4 
0.009072679026522458 0.01898956268656164 0.05632154407565913 0.1507758788798116 0.3981540744324493 1.1915060769855925 3.4414890416453408 1.3584394681313847 7.95690989528875 22.35915017034966 36.402540259992634 96.79455126342583 55.2641620078757 51.47864557691357 0.05386242107371764 
0.008486964043009713 0.020076270471570273 0.055117520148831055 0.10908451520883684 0.31785706528756164 0.8249604530379184 2.219759970668956 5.820120987971532 12.228042101948002 30.806411181088144 73.52816880343777 41.927574272972016 54.75790217639525 43.251798238118056 0.1406684534727923 
0.009862011735020389 0.017969250604205445 0.04438652563961468 0.09833491697114315 0.2259462129070251 0.5265011063260553 1.2236177411364355 2.9892961010901753 5.699301804386513 13.261160626174608 27.417028967732392 54.75092897420343 46.47283370273019 35.707475847836974 0.002912441495757552 
0.01778108524780765 0.007190810393828954 0.04981592785635823 0.12654783937863642 0.339813290279926 0.879304659407778 0.48510635903610383 2.697607194789231 5.639438189911702 11.405957799605009 19.49145118192472 11.68880372763689 36.16442874288743 107.43205610544125 0.0010841589790291715 
0.00664712794995446 0.003301124520411493 0.018031905403145376 0.04211048599967919 0.05194678142646807 0.17039742660881918 0.42505181473047376 1.0562540817596373 2.195171163529149 5.630189864951762 14.196094044448865 33.485521783682344 90.24165206060178 43.372424872573944 0.8439511030475089 
0.008505134928069057 0.004418514107723749 0.02980178254588747 0.08394146226953225 0.23608497057737116 0.7044514800190899 2.308392329176213 0.8635641819140372 5.270230819575528 13.350265431791648 45.41168323925585 120.29082789683082 60.40079999087096 57.91059426315237 0.5164453236310654 
1.5513957904329326E-4 3.5881370016188564E-4 0.0013760496295824847 0.004103947946781363 0.013687826397745215 0.046472366608480274 0.13154723998212944 0.44259116910468344 1.4112869824965377 4.902186224689915 17.597034587839534 49.186749439006334 169.4505313319281 63.84796879669295 0.011967297594567616 
0.014743109687598406 0.005796815847454655 0.039065753631875935 0.0934943734527054 0.23864839371543747 0.6170010385536833 1.7169449197451008 4.063814338075965 11.356099432252877 27.03282862455158 72.43209861993414 31.412290632374447 48.27763031958575 59.11153997265974 0.003781375256451984 
0.007318078175955488 0.0032850971746187516 0.022481527167273425 0.06130503437891568 0.07465331379570596 0.056847492071683346 0.3014085267382752 0.8349776527882115 1.864753854152774 5.184525314421849 14.665778712361869 38.127324995088344 117.68165036624701 55.89477917752005 0.08187389562614808 
0.013778753657064631 0.030923388503601844 0.016328710292709894 0.05587317237971323 0.029004493441474367 0.17432474928692604 0.4556963129536009 1.2131408231230942 2.5222166710048617 4.8471524705214 13.599465981119558 35.27921190550744 97.37408931709668 48.76115573048271 0.008809438026989308 
0.013692072409222792 0.005557907913954554 0.035481326386237654 0.0718389894390745 0.21514874832003683 0.5720714130082774 1.5790133619309492 3.1925388572327567 7.173787758216808 16.63764896998342 30.718255767684845 89.9602527452589 57.39195575863168 44.49301230192781 0.04357462891366727 
0.0050629151784538605 0.0035224484247002906 0.011508349667819917 0.025567767604983485 0.07646438769711553 0.20472483177598017 0.6289970901422669 1.8704548529160403 4.098566984432774 11.772376438374453 35.62466318865019 18.89754868036584 119.26988623042205 66.17889989443407 0.05295262414332047 
0.0044126308434702475 0.010687918794197936 0.034327325333451425 0.05539008024234545 0.1998953257466955 0.6157978071544563 1.545246986890205 0.5703424710927368 3.453587529304539 9.648926679915933 15.76743838403755 36.60202149902452 23.71966317860155 143.1583724808935 0.19937272253168514 
0.001272540395823918 0.002269864854609257 0.0010557124885524128 0.006483782139391462 0.019394498801551956 0.052899111973090884 0.14736540901438228 0.3753454432911633 0.7865456209248305 2.1789572203183503 6.252875343858301 14.42401899614607 43.3357067427615 120.36668702082386 0.006393068158642231 
0.01618138662179208 0.008734523568602935 0.0466929988120459 0.1282811738763824 0.39381022668123067 1.0970617908692002 3.0177922277968814 1.180796806512306 6.958730986098959 19.39155252548128 31.997214803866143 104.43713888096029 56.82260598112718 52.665614372402075 0.0504341182337765 
0.019288659104901743 0.008260989619607651 0.05697518074487146 0.1457861107181847 0.3689525712302756 1.011042098063363 2.8721326066786403 1.1832387593145752 8.095291886535879 21.113535743782734 34.765140635005906 98.32410739722175 55.5549705204049 43.82136998284461 0.0030119457529689405 
0.023030151524175684 0.009500377424663163 0.058918685717265634 0.04952466753436858 0.19504496953126882 0.47079583377341583 1.183197931339481 2.354918979026223 5.004765854694817 11.485971602199234 30.497093209079885 15.615875058569333 21.842650163695044 93.00787018476878 5.28857548477095E-4 
0.02609084905156146 0.010684384398991838 0.0446063744263338 0.08207330946794766 0.29680042403430107 0.8285846469833629 0.4052275142956439 2.3288157615096248 6.771555583663958 13.037119962297863 36.09023615185227 18.372650662543748 124.63849063242635 68.19740019553532 9.15158191030376E-4 
0.005203175673372515 0.010871369430454272 0.026391812311118017 0.058290869072721685 0.07214503730495372 0.21519294125109062 0.4980247441981417 1.1501249318535645 2.274761213291381 5.689719443493723 13.677103176777841 30.742066665792393 72.1791882095594 38.72906893976496 0.7021608283175977 
0.027606901395422604 0.010981111980995257 0.06309687561590584 0.1665056008694805 0.5066213241050025 1.3708640088303252 0.6933095214293618 3.2721154344639136 7.286098344312751 20.633562246136904 28.79179716648658 99.0576218268505 58.926444734963034 49.415214253303844 5.738562935637368E-4 
6.201037431704328E-4 0.0014271165570186952 0.005426921583358481 0.015863739605915975 0.05266520697219261 0.17745530557558817 0.49950309484927546 1.4822582356019909 4.752172739712732 15.388720595006873 56.71836721031737 157.30584443003764 48.505639203836495 63.322010164990786 0.01180506178712878 
0.0015379766310113314 7.884630538925834E-4 0.005350782297029244 0.01187661271441372 0.036041526350586627 0.11232982058440773 0.3024731493445747 0.7001875385436959 1.6761183540777014 4.798509463592765 14.67280442627711 45.37414763440165 23.38723269506304 147.50766968210544 0.42117169373828234 
0.008453424290570954 0.01968113827559119 0.05321529648603749 0.12536398912194596 0.32390593002100476 0.8253952816289479 2.191653215810217 5.665848636216603 11.798745939415745 30.005908199016165 69.81877934298309 41.92172607287914 53.37970415193175 42.52091050919225 0.0016230419528526247 
0.003988190641310516 0.010321348716025044 0.03293867751522453 0.08726329671254972 0.2681926201721598 0.780591806970512 2.6029032172519857 6.657369476243434 12.75435307053151 32.31507664800455 110.46922425226596 38.37329910761553 64.78366169691975 78.50930018380069 8.820259128144001E-4 
0.004127622536760082 0.009594310145017241 0.02635807185746411 0.05753771575000591 0.18813944174507047 0.5603747550128021 1.8490453229327635 5.6722646071839256 13.029931216926524 37.01524035950226 119.49008445590253 40.44925511329448 55.553486067774934 64.31393073877688 0.19328792309897994 
8.302655341919964E-4 0.001477040483177238 6.7359142662984E-4 0.004280466990937374 0.013107906329488285 0.03937645516118767 0.11079420530392872 0.2868468350170825 0.7185832708099203 1.8707373158281386 5.265390833634433 14.610659814369312 43.72569169492965 125.8519085495517 0.17674085478244125 
0.004823740637575126 0.0016365833558934597 0.0019566435296936185 0.013216896298685134 0.042344748084439665 0.12166229298849277 0.35425091908041934 1.039882692150978 1.9182355557558308 5.651957009086794 17.41533066903774 39.347470174462494 127.61950043084818 52.00569445738885 0.7416972280136765 
0.018824160542157683 0.00758175197360952 0.04892038346223382 0.12013059823482196 0.30631159039021716 0.756000844543854 2.0624195953667273 4.810956996298589 3.3301876538858797 13.618749477948711 30.20506362254702 82.76182329487959 44.853648224560445 44.54820798347808 0.0026139015518343175 
0.01746228051605187 0.006914724778827208 0.04643563653094541 0.11624406764884669 0.28000409840677626 0.7606880995574986 2.051409141698312 4.886299753775911 3.332155179126124 14.033793380751344 31.59342492655401 88.53079674047669 46.94519446457511 43.39028818022949 0.0027391977195929083 
0.024790972739508522 0.010173305398401309 0.05334731952902639 0.09155550354316393 0.3315219222504457 0.9445475844702304 0.46160948415805986 2.6436834901517328 7.670851509195458 14.813859625210762 40.897730350194514 20.860829739691614 121.80011883226922 67.96321585860389 9.110122292086717E-4 
0.0012931699841862451 0.0023436108633811117 0.006696160496231504 0.018099169860613745 0.0545056319323484 0.14932453896526324 0.4042255106535566 0.1618214303525233 1.143394975106388 3.0275173237303843 4.973728080578841 15.940745642174557 42.6359223243258 122.5244128288092 0.009147075809507667 
0.018609203977635436 0.01014593879709064 0.059102060453155025 0.15844708219012432 0.4773174880947842 1.308707184602951 3.5455107761313718 1.4177566598754052 8.236546074380135 20.71914171214873 34.491802716962 98.72169229010383 55.2838761664759 51.708164212810296 0.04878688643330539 
0.006696465941996391 0.0066964488138610626 0.009470316434375745 0.01339299057266181 0.018940410388997707 0.026786166727609303 0.03788093578633819 0.05357156669032532 0.07576252972371963 0.10714318222239877 0.1515253049289463 0.2142898779609946 0.3030519643943213 0.4285830629119396 0.7962842736808363 
0.0075457997418371505 0.0062546205526835515 0.02126372282595922 0.017200047405640437 0.07051819564503174 0.08824847525932646 0.2832058787778216 0.6784988510540867 1.3231235957715994 3.6861893631731832 8.460109737959051 22.707995309048723 59.62538975171552 79.0717919973612 0.012582426601322012 
0.0110621492034063 0.011062049549918582 0.01564438985488124 0.022124390834155457 0.031288206003488576 0.044249293205205445 0.06257674038168692 0.08849590639298843 0.12515503220304794 0.17699386507325618 0.25031221204781273 0.3539854654044011 0.5006094986256143 0.7079842482535682 0.0015424477594638399 
0.008118564965521808 0.003785408612321313 0.022443906350281283 0.0445868358785967 0.1303980128989889 0.33535542941735025 0.9312011864297441 2.3607281508832414 4.950411720052284 13.010482242904136 33.78040603405091 81.1592939908756 48.27008100961664 49.5877107409926 0.9000272400924673 
0.004643051539305098 0.0016061270180287455 0.009605500996373893 0.022088330650359984 0.07944443757029147 0.23279258435721634 0.7719071104060244 2.481544369356539 7.258075044838439 21.534887671653482 73.08383413785535 34.97274180487064 121.75229575405791 73.98933056350928 0.06136697660555137 
0.015554171824570676 0.012917479304430237 0.010039467408235922 0.016558523572724897 0.06828478783789577 0.08544788399985791 0.27548075539620737 0.6622910195122396 1.4082247163178416 3.6451433058036047 8.467491064619852 22.822607451516305 60.17628587220797 79.76381533812308 0.012691432866370164 
0.011094837357031545 0.011094643831030055 0.01569097438543439 0.02218997991040659 0.031380024234220365 0.04438087000094151 0.06276047244572011 0.08876345310687263 0.12553092310094477 0.17753521713133288 0.25108192732970397 0.35505459108188486 0.5021216706596084 0.7101487133533166 8.886371240764361E-4 
0.003748498163172849 0.0074490659817041905 0.016216821848827986 0.03549110024173194 0.04402758184774003 0.12194098051383144 0.27614313815468644 0.6200489256649165 1.2029196159999578 2.6987232288962697 6.171925391835986 13.286653537771512 31.318559091645717 74.6583119872603 0.42504763657765193 
0.00724399994814329 0.0143935782033671 0.03398737850250027 0.07315021760128249 0.09075799546682325 0.26108599846853775 0.5870113569458113 1.3179338419816256 2.5574927633340603 5.7366646568718975 13.124060604814229 28.24785004575074 66.3478307012116 36.887222809085294 0.6510016570550963 
0.007348638742938072 0.014616665709099827 0.034936124658957866 0.08277712892778978 0.056734965134274826 0.2320879434005792 0.526708823919963 1.1921246316584473 2.328011246134542 5.443381056190278 13.156133526340875 28.28104277001828 68.59845181744457 37.479845041509755 0.6674053148107778 
0.0012948012126394357 0.0014982678727009124 0.005189950162404115 0.008934076518105667 0.027228274748664953 0.06189070574313364 0.16584504735651798 0.4221695523604919 0.9152958168758223 1.8962298897029646 5.7084696706087215 14.145091964771334 41.538815843694074 118.34483786542393 0.010623794223560466 
0.00559509331084678 0.006295063601402542 0.005895761860266313 0.01419886411146665 0.04334292181999513 0.10185147369149984 0.2503948375886265 0.50817348396725 1.092096223041636 2.173709852107697 6.036087597857377 14.046327015051219 37.64669313590024 98.98204434070503 0.0232915731476332 
0.004053590364565355 0.004580393601784191 0.004224118424521467 0.010392041153709052 0.03295372174725404 0.0839181505796675 0.20272788670380815 0.422282568270348 0.9266535702278752 1.872249795491202 5.389592315492635 14.415740105087789 39.35847544948291 107.23980779754571 0.056910179739740135 
0.0026859389907364587 0.0030281931425568177 0.009890189157203981 0.014530939416461846 0.04531397829503567 0.05284211257157447 0.16384042637829385 0.4376935412379465 0.9085491169459358 2.306806864313357 6.230518361415631 14.719487813064285 40.05453457694926 102.75109092941545 0.009368208275218292 
0.005003640046998291 0.002812302403509902 0.0038339978921593993 0.006710816539876978 0.015491221509941965 0.04897234775475002 0.15205829506884605 0.41033698868110907 0.887055114050949 2.8821001170699123 5.063794651894491 13.410322283097509 42.64189135252844 130.7012062536402 0.0 
0.002005445964808559 0.0025710174323687776 0.00763128849626972 0.01702374091419013 0.055880313010231 0.023457894806102535 0.16708103630476237 0.4485739373906858 0.9984613069386084 2.029474293358647 6.780892330101196 18.49906505537738 49.63291098338405 134.40287755113349 0.46207321170161614 
0.004444047249543268 0.00536611293728147 0.008874667005761136 0.008114922762786286 0.0055490648353970825 0.03817566922631458 0.10867436251297066 0.29784374853856505 0.6817341246725038 1.926608533081351 5.489528999930279 15.57196404274112 50.00143269344668 141.17348461202877 0.006267800028212564 
0.001815810620406827 0.004871824076573774 0.006603419064564295 0.006068882623115804 0.027126703344088943 0.08065037323648376 0.22382031174006148 0.6654619987207337 0.3860494841712987 2.032844369339503 5.5301249505728665 15.551178278031154 49.138752892574765 136.89852199465713 0.4716345093763548 
0.0034406466189641186 0.001269186130930835 0.009761328937162304 0.015347561760159176 0.04971821789597414 0.13975067106280428 0.35910110918695576 1.0209772170844487 2.021698885308719 5.5963368973463625 15.901748715743976 36.46619453652899 109.19093080184764 50.57053107890775 0.08282064119420039 
0.0030633792694837463 0.0027025446660378255 0.008336683978758398 0.013301879616064393 0.03362964501367501 0.0856722538992604 0.21008478166738806 0.5525503115098054 1.1081540867809778 2.778129497738958 5.2192088653762525 14.428895920623381 38.773949701226954 97.69781920021754 8.536836637091119E-4 
0.005433417439099281 0.0064973607537949256 0.010484776586972017 0.0200084698111852 0.057258899273166436 0.027763785984144942 0.16123338783140925 0.43661470521279877 0.9123922262596471 2.360686204976092 5.910561409980754 14.57123397285704 41.89038236647674 112.1527815585187 0.3890861962729163 
9.695594991446943E-4 0.001211754497932618 0.004898441974663223 0.010183016785035642 0.035408616803290736 0.10607634748192521 0.32715141179136936 0.7548964827488396 1.7842913412783405 4.537053165323729 14.518170969595568 42.21897304734175 135.73765601779778 80.65412765419681 0.010278363943757484 
0.0015375982898450857 0.002003845114330437 0.008138954972479484 0.005904371581082468 0.03284069615851893 0.09996572534420557 0.31341799235435097 0.7302695722922299 1.7405003156669014 4.474379754709935 14.557338212747865 42.97823810712616 140.61164824803657 83.04374191605093 0.010616678514232645 
0.006942296180017785 0.00325527469720388 0.003798981092136172 0.016472809860349436 0.04055802540759873 0.09254304690428881 0.2150373076905879 0.5107083329218387 1.2177078533203436 2.7480754940821934 6.475962730149069 13.130358809730819 32.41178215094862 77.1562711851446 0.11200514087114147 
0.012623433923385483 0.004366494807815606 0.030653198191083086 0.025786098963790458 0.01792299296273446 0.12015092838852451 0.32980499756632137 0.809595125424886 1.7946585253978777 4.63095251655986 13.623003731882195 36.514917573940735 112.0850809074241 69.33731226629901 0.0043581956380679965 
0.002290342936419806 0.0029517259388816205 0.01124077096086746 0.00833746986691298 0.042910693508023595 0.1162333405878534 0.34785563472331177 0.7846705728504549 1.8129701454579272 4.496341159500486 14.422393954546916 40.334157602065375 124.51609121071856 75.98865005400847 0.009524111016364453 
0.0035342981664361994 0.00574620504803342 0.00309997292767677 0.015294067277888245 0.03739250585570075 0.09225608306829998 0.2291316947978128 0.5289333773226966 1.0685708364910649 2.5481539932276216 6.494366917273235 13.818330056571316 36.64624017051578 91.7978543431438 0.1318214295072893 
0.002019187454186051 0.0014212836047545118 0.006552644608743335 0.006211064766566154 0.022564519927433333 0.06088791741580327 0.16517002772560507 0.44463552704323495 0.9537408508492495 1.882355193727135 5.575114149428301 15.937247946191963 46.23336609375324 115.3868145555255 0.6013570755213563 
0.0024987257165895926 8.578733275709513E-4 0.007603887733470149 0.006002367538808072 0.02176820237823742 0.06490724749281031 0.1867124612554469 0.543164165910663 1.6702158518723094 4.673339037622293 13.778217396019642 37.25857831975779 115.6926551091639 71.01743648472248 0.021811402326661233 
0.004413878141166707 0.00623030192604356 0.0029316799798579114 0.010131219791967912 0.02355754882871338 0.07565879924052187 0.21793725788761026 0.6762823724825539 1.519237512476873 4.471627122946424 14.713701424431571 47.583388470426335 131.2380403805986 68.77012404840262 0.07316302548276855 
0.004846510274363649 0.0017274540558013247 0.013833276031795693 0.011443593256769111 0.04733287864365846 0.12993515045296233 0.34914376649040685 0.8474932301802697 1.851870332770313 4.695093456887146 13.494058451940074 35.43264415378998 106.23228372566673 66.70821213868376 0.004155815341006061 
0.002879123331229614 0.004084700031139223 0.0019653823469188945 0.009426953424184021 0.01970805779286122 0.06870379496418735 0.19997180861911204 0.6324010143940811 1.44525716373326 4.318419529937915 12.756020771856662 42.68120544152037 142.1126664264615 63.95033520394706 0.01412940025690798 
0.002231730356858675 0.0028773562567238416 0.010982592986535226 0.008139340221748826 0.04200691821971084 0.1139761047971735 0.3417992513338343 0.771890745808891 1.7854258421733986 4.500637997656922 14.430803691828022 40.42909675623155 125.06436987763578 76.2320739265125 0.00956093675698843 
0.00170619540634876 0.0019864083828900554 0.007010565502628707 0.016986760001001983 0.05012555368609015 0.1325408514701359 0.07349164589637315 0.4000584120685759 0.855936886553853 2.431463537382884 6.702350136162891 15.2941022463257 44.56695937993689 114.78678038000399 0.17550518685768307 
0.002898398693068333 0.0036946026806813793 0.0021236465717020996 0.013810292850071178 0.04339056260754829 0.12179503921898396 0.35089440638228525 0.7195839129945867 1.6511195331195654 4.8937427777300595 15.986952145854122 40.62925442770308 123.84428126860749 75.01263774609947 0.5081824723795486 
0.0010898521688454924 0.0012619718443719788 0.003892169525018429 0.009250363952473086 0.0261296495172052 0.06620902265870014 0.18093372358928028 0.4613533795456188 0.9281480386866291 2.5817813170046384 6.908040192913168 18.906137993338376 51.05331706083771 100.04705596241509 0.0222769947744944 
0.006774684469480967 0.0028749801502667123 0.003202929148804704 0.009559737052685965 0.020928711616695753 0.05865277714341958 0.15944627442193757 0.45019222342497267 0.9245793875489741 2.3890802366968464 6.271690514543393 17.054089926303146 41.87514228478329 107.7530532326858 0.15622387743063096 
0.0030746755936436987 0.0035787138587434395 0.012165401300495274 0.010016393921615388 0.03777261061025049 0.10096034261286273 0.2600444426622751 0.6510105557954871 1.3639213160463357 2.10744411734186 6.267380265481963 15.540777430291874 38.739144574486716 105.61742209839235 2.1160003127145558E-4 
0.006596667833819252 0.008822057925299456 0.004200365778780483 0.014621055160492115 0.05964063377874247 0.1771319969661559 0.09081068988213566 0.6125142304426171 1.3816398203092632 4.092230591074619 13.66020519070918 44.62068796018538 134.64030212188501 69.48241934115265 0.07419717661104114 
0.0022897250546586216 0.0012804721622204547 0.006796780477874805 0.017720733781490073 0.05148613761737759 0.13225344630447589 0.37520860809910456 1.0175915659470323 2.178419479346956 5.975104530934316 14.397608612064685 36.52192039377732 101.6683787538159 56.23225726089181 0.05074053671925787 
0.0017054772889171653 0.0021248795961108925 0.007884750208135291 0.024223424974344602 0.07202684052402863 0.21538069808750204 0.6078905356606511 1.7570861730277727 3.908113091331293 11.084457128069882 34.541820279769205 92.61018802311018 67.859290243175 70.19048363510643 0.004417694136273599 
0.014688982627877796 0.006240358728879539 0.008120359820846506 0.026671689735948342 0.01611898549706924 0.08252503508086655 0.21302884023928748 0.4877448992928631 0.9670911493894538 2.2608245052916827 5.727685951785919 14.008262000687823 37.365417041441674 94.63139346696411 0.003158847473118989 
0.0025940454306423214 0.0011545202767379323 0.006478079451282742 0.01500650608531395 0.03082739284535607 0.07654423499866819 0.1835956276262406 0.4439424672948812 1.1200639724159718 2.626258196534964 6.415745239749181 13.420450468725882 34.68542759057704 86.30635333631265 0.12416333810578771 
0.006253062606318581 0.006252540393563689 0.008844581498391006 0.012507129719965005 0.0176842072896401 0.025014655016339333 0.035366954680904776 0.05003164573045512 0.0707612340218485 0.10004495152336484 0.14153510689955967 0.20009268697138252 0.2829723826557799 0.40027810273762593 0.8458564764852595 
0.009555631436006063 0.009554078479965231 0.013515252354354348 0.019111972789698978 0.027023126272480828 0.03822401805545804 0.054046761409614785 0.07642922436028445 0.10811557550028596 0.15285864736318805 0.21624353817568712 0.30574476913987925 0.4323631385543736 0.6115905990657157 0.5355548381075381 
0.001061096760348146 0.002400308885742072 0.00764998472309673 0.020823755173356256 0.06313267543190702 0.18999885814035808 0.5235276316402773 1.5277105678725666 4.449626923739835 12.114844987862854 38.0307473416228 92.51482011155997 68.61739109281535 70.86282426091519 0.004468525937615699 
0.005215219336606017 0.002231447717057817 0.0029373047588034046 0.013269650364575739 0.03525853116270359 0.08494968351418315 0.21325212447554787 0.4878897828175043 0.9656674714452823 2.2464466636706715 5.879279342470693 14.126999310512426 36.31351567741563 93.52850196046711 0.019334919563687165 
6.724453406877682E-4 8.957496353681632E-4 0.0034318779739279407 0.009023367519963328 0.025052893658345947 0.07471670812944481 0.22280404363004572 0.6743049684080883 1.5077175026320992 4.403636300044094 14.4156650843737 44.65567230519677 135.53604664803566 54.01745227745091 0.07116657482163098 
0.001003567390126222 0.0011647360239409993 0.003648713729282225 0.008811232224286846 0.025416965146137886 0.0666935056234496 0.16311421317088667 0.4315726723740204 0.8773878082231361 2.488192235549696 6.566534118162196 14.830985777362299 42.275693424994884 109.97285666430774 0.02255134919686367 
0.0011604738929868969 0.0022938390962377524 0.006744498486156062 0.017757354658780238 0.04614350027433858 0.1354232710958899 0.3836042757548219 1.0512148444783649 2.264971977144855 6.272187829522417 15.239455396092751 36.4139619085113 103.9679928479788 57.914425735633635 0.05188183590526644 
4.3260524792738546E-4 9.162428123513646E-4 0.002682616634700912 0.006812409330072341 0.019051080735206304 0.05293548086785412 0.13590399893138633 0.3675289935635389 0.7829004483227195 2.130231604995952 6.113164349691149 14.308544080473533 41.5722128804615 111.86134797358172 0.018780600534839667 
0.0014483747788504961 0.001415585921296823 0.005328882167023255 0.007227145494872631 0.02446883935785042 0.06723154600994108 0.1816447682039936 0.5119498767393149 1.0386563324014577 2.18974125132895 6.09597167408377 14.515563759775214 42.36840413730096 110.35646975120319 0.010028218294663122 
0.00116067277601779 0.0013414679617979658 0.004086566031020305 0.00965547803740677 0.02695152556793707 0.06887521172364981 0.1646265178513225 0.4229865717857481 0.8868956332041216 2.4216046934941122 5.59343069447227 15.310849797120152 41.04982984049578 102.9346648476875 0.014853867056929829 
0.010099387065797171 0.01009797195133397 0.014283996503156846 0.02019912341284457 0.028561233045795605 0.040398551151275046 0.05712292258332469 0.08077996145698707 0.11426398058318842 0.16155867168745108 0.2285412303488923 0.3231186619236578 0.45695261599377 0.6463586355187108 0.4410452425032098 
0.0022702293206881027 0.0016910912419970058 0.007226587423560623 0.017917894304926393 0.04790404692318673 0.11835460229355514 0.31750658787178204 0.8374207839040356 1.7734896793499877 4.8231510281449275 13.314800898767537 37.48148315138073 101.60817536703965 49.43894462357952 0.014027839448904162 
0.010622930253510488 0.010621517146342243 0.015024581467860528 0.02124806446032734 0.030043719145640278 0.04249503619163899 0.06008713835588258 0.08497495436419548 0.12019801313137221 0.1699620932250073 0.24041690194801807 0.3399143852606667 0.4807495984126269 0.6799836178733812 0.32366455678700917 
0.009391414640809616 0.009390256779254365 0.013282692873200075 0.018783525703939423 0.026560111766373663 0.037568709085225596 0.05312131031669642 0.0751184484621859 0.10625731958640577 0.15024023632581132 0.21252401709114083 0.3004800335491948 0.4249382270448084 0.6010638362686049 0.5520714232740229 
7.494202559333599E-4 0.0017270697968343892 0.005163047307757318 0.015436646033022411 0.050198771037943596 0.17183424503480532 0.6126978207059737 0.2345320469377936 1.5563325158123986 5.270712997841122 18.48054193343578 50.68894019389835 156.488704992381 69.75519936577244 0.02433199088811956 
2.941877999907238E-4 7.139852979330837E-4 0.002328164770420128 0.00527561339081051 0.019761301986081784 0.06524675939901357 0.20513642768856866 0.7318681164178947 1.7523760894971163 5.227040847324426 16.149774260176898 47.783305945996574 24.02489029005744 170.86943209160026 9.09149257997423E-4 
4.1160782235419237E-4 4.933603811867095E-4 0.002135854112189678 0.0015909024714118422 0.007804041148980092 0.0257113098881524 0.0803232685436182 0.27976841303017885 0.6542223427870568 1.689905775302079 5.81042755433363 17.209419141051132 56.12260797046223 161.95998267282837 0.007007992880706439 
0.00563387862620616 0.00397406698504796 0.008699724999882606 0.0080252731086704 0.03301859546972928 0.09878484912595116 0.2796312011740096 0.8458798361417116 0.5469585809004756 2.635380778186539 4.5944835012436505 15.450426140339083 48.04296795263928 135.95434526986577 0.4565776544770739 
0.007148657231574536 0.0026450957001424393 0.002960584096761693 0.010108706530023003 0.02338045152236894 0.07423253625052338 0.21153281801765264 0.6982053537700477 1.5462275174516575 4.503936374761298 14.655484126580596 46.75935609726318 127.84398810807659 67.59790499411731 0.20389172740322029 
0.0073983397605407045 0.0028839905456680016 0.003389265782511618 0.010820114033044002 0.025200942542393186 0.07014013311323186 0.1849036597366704 0.5030968674354541 1.0078720838234085 2.268994018431682 5.029579047043466 14.081649684402322 38.75113019677306 107.17341066267653 0.003242744316022921 
0.001723552836572805 6.396399865749256E-4 0.004063441044109831 0.00564039739212373 0.017646302709500593 0.04880120878819252 0.1337130739424976 0.3693028276641788 0.7586269069206488 2.1195551885343593 6.001632941473459 13.72066085690124 41.170302202863795 117.10330098829645 0.0033470682889932793 
0.004456083386156438 0.004455826614040695 0.0063021394471345525 0.008912305914660662 0.012603088287044106 0.017825020856681143 0.025206365377612408 0.035645468525001875 0.050415109475460934 0.07129406240416397 0.10082634443759796 0.1425796235172531 0.2016374052208834 0.28518223603928133 0.9218831508480462 
2.552651064360181E-4 5.782161455766202E-4 0.00202804704342641 0.005839805458717339 0.01675255967608875 0.05537866491801428 0.19220845915551746 0.645491085545209 1.5210759478582632 5.017598535966015 17.02817410066915 45.885286266583726 150.8588420073742 65.22373047454872 0.02305762025631632 
0.001087505066041998 0.00265549120112192 0.008611883010925121 0.018428930953187192 0.0627557450641943 0.18374013729232413 0.49865510644459343 1.5314561906528132 3.504770997556074 9.682730371660865 15.854645670658801 36.97156240451447 23.826466297744087 145.91869698113857 0.20299147059504735 
0.008374910556084381 0.008369520906063481 0.011848343132528864 0.016747691560449245 0.023670632386251476 0.033509710699369276 0.047346625253881315 0.06693250776847859 0.09476961298304602 0.1338769885758966 0.18956242819251057 0.26775403766474654 0.3786401467197078 0.5359687458845112 0.7524138088049424 
0.009886469902839212 0.009885902342264318 0.013982174008170417 0.019773226345886866 0.027961810617673548 0.03954657051226232 0.05592364128343553 0.07909525368636613 0.11185886009481626 0.15818327739552684 0.223727318072731 0.3163785288686848 0.44741466940230085 0.6328059778428802 0.45959982257059023 
0.0030506899871575992 0.001323953344286126 0.005628234871721648 0.013776484565188941 0.03612262672819989 0.08725610527759715 0.1819396504205448 0.461676220739864 1.0982549944758337 2.6612599697485173 6.634107297580761 14.082342403158297 37.16995352847155 90.28635415938244 0.5186776302869348 
9.402819178840341E-4 0.001226130386087826 0.0037648737471143957 0.008137089284650905 0.024569617274487282 0.050397594464511544 0.1500435571228796 0.39726685381099286 0.8556348937766549 2.453903819802842 6.8402717906601795 19.540118890207108 55.033004289694304 109.48191589457151 0.024259130898387417 
0.0028773776911889554 0.001249217244904149 0.0073083509096289355 0.013743600248046472 0.036921287329791184 0.08677183292899994 0.20293586461340132 0.5110334289212205 0.9621921219692006 2.2350745771656944 5.858737627358492 14.61013781228283 36.72513144397287 90.28122104255193 0.0012149318498983334 
0.0010303899816291309 9.150732134675127E-4 0.004009181604986617 0.011222557742131163 0.03347296143145242 0.09213962330220152 0.2674305662211939 0.6731037467883176 1.920743906965807 5.330663137217907 13.690000877491624 40.436782329574555 120.45693449787603 66.72997734457373 8.892659264325396E-4 
0.0014182441269692733 0.0012167104318795484 0.005727636799866246 0.016745777815426768 0.04668730434829417 0.019418120146404576 0.15278194105090648 0.5070072738647051 1.1619121331883446 2.1538087540086424 7.466207473530383 23.479190626292862 74.05021272738354 137.60328580453046 4.765924177979124E-4 
0.001074069286337429 0.0028008224794322666 0.00544996754989662 0.004780359785062624 0.02133843733039896 0.04501122391168205 0.13147363858747227 0.28690801825813056 0.6629040842465388 1.7354544545745056 5.36291248754283 14.519755356027863 45.27048124967642 133.64522495393598 0.0017992613797675693 
7.62067627646417E-4 2.225170265971687E-4 0.002030185005349651 0.0016332970327903851 0.008449086719384285 0.026859907118543767 0.08338090010177085 0.1942871749089751 0.4804448685656985 1.3576687766785174 4.770480630944465 14.343784452696722 51.01596509027869 170.39188964497896 0.01502085610258796 
0.0023042026195226307 9.856027937270814E-4 0.006967819911063368 0.017831723742873732 0.05260205310456668 0.1420350560595974 0.3873093872540757 1.139318647205956 3.1095631228026903 8.44367163097365 25.758575344816762 71.59165196426702 103.94556274283225 45.36622084458224 0.0012962354309614937 
8.447573905614285E-4 0.0024495393289343304 0.0071194709156920475 0.01894509534277164 0.056159278022411246 0.15271582215050528 0.4193839889025706 1.2569912828994796 3.452444903725406 7.760536376608896 24.78795127975784 71.02868052901417 107.4179823480068 45.46227760282332 0.0013169929063053208 
0.006241362168921951 0.007792645449323243 0.025381379970657945 0.02046506593643218 0.012974197731812626 0.09119567278804687 0.09508957524580838 0.3002631992469426 0.7395318757026846 1.8564141908978018 4.258141820612485 14.235257310071754 49.93563941200288 168.2432721864048 0.014820986273081751 
7.446673901103055E-4 2.194656730799319E-4 0.0020128756808715466 0.0049083336875342535 0.01680167627748555 0.05399814039295628 0.16935286520446924 0.5654015254396764 1.3455345360242155 4.263509157364042 14.975244416855313 45.47437634686414 163.78395865348523 63.926893494992655 0.015171902448786221 
0.0014777225061651975 0.0032613433792028925 0.009280089603885962 0.016361331849584913 0.05545038900639718 0.1777087704185731 0.5912110103043408 1.7491953537396436 4.048221338019961 12.906054610946835 42.48932419661379 17.485864671965388 143.90405906674553 50.88718067863801 8.784089397621936E-4 
0.0010751852007100224 3.214680891356171E-4 0.003679085203438212 0.011329711932336452 0.033246110061968974 0.012971250637666732 0.11008337641524014 0.2552716147986777 0.6368551536973115 1.200697176330511 4.519353326855667 15.068525225230033 50.44157582529052 167.83692125198738 0.013803882805158122 
0.001074367282913945 0.0023901838419961817 0.007716770784552126 0.020731539412419328 0.05070037906046494 0.16432534721011016 0.4923718996242083 1.5582288748837545 5.2428537096170285 16.591621523384347 48.01137021245875 122.04026473325503 63.8983559459052 70.95452104513326 9.136831179032183E-4 
8.733806614475972E-4 0.00201805056996096 0.005447047002450157 0.01462542314616326 0.033429183114646294 0.10037935650362145 0.30717607126123875 0.8700948212627181 1.9259665555605525 5.173621217249475 14.323326845470135 5.805320354381302 46.5317244649707 129.11272651069044 0.45768660671618544 
0.014252110841144361 0.010491830926656388 0.009065338096920986 0.031227670932872355 0.013522048864330753 0.09540142042025422 0.27599464883553043 0.7051011419845992 1.503175487404852 4.188187551011811 12.885026818855414 34.89404849086618 107.12867548122479 74.22266992124892 0.0027688415835196126 
0.0020376011494265905 0.00323316070920901 0.008401336828818435 0.01817214443847318 0.04222585085082232 0.10267633605786651 0.23764378465999444 0.590506667624709 1.1385342045712112 2.5981490122710325 6.508392660033803 13.321391498341818 33.07149510745695 80.8484656125401 0.0044138469501001495 
0.003579082387440535 0.0030499121416021403 0.0016987809571875924 0.009717002324939012 0.026601112711391543 0.07352751916884855 0.2085622376211656 0.6364805757136024 1.380301559265425 2.5310264517657948 4.904281965575365 15.609502369207137 45.423243726776484 126.8347095754888 0.003330085656449529 
0.0026194873103899527 9.550409268491466E-4 0.0033057848825291886 0.010215437213890304 0.023126542855665122 0.06879324773267134 0.20459358171587866 0.5910315732311648 1.8066299261410508 4.703255881514503 13.838124883388398 42.91737467486588 21.480720858469628 129.43853646606308 0.002696304528595662 
0.0011152825677059712 0.0024404031479209223 0.008214005995333404 0.02153436707059952 0.0519096910752149 0.1644134946897008 0.5258637134988415 1.6108152567037817 5.280915035763256 16.31759025089255 46.263685970394974 115.74599625980306 61.67092749259845 68.67354347714416 0.0014925343449639545 
0.003246018955726117 0.0010967703997086357 0.010733195628287047 0.02353771070002833 0.008992427176144232 0.08630990146090411 0.28299546082990573 0.761437296331128 1.738363236416504 5.2990790763175735 17.391496200854338 50.82372140618121 138.24115966700523 50.55215533520977 0.0032945503622803796 
0.0017044545152811476 6.490036574792976E-4 0.005291743979323155 0.01345112011916409 0.03550135017949345 0.10101192621574405 0.30863087235174347 0.8835482774563522 2.4196083068618934 4.660065099662733 14.766330135980507 9.4358213771543 49.79411499109206 128.6128156158886 0.001276164918696936 
8.433614925107452E-4 0.0017312832982056608 0.0052844976668226335 0.011066360322576237 0.031096798808000394 0.09505234119388299 0.2804348474533418 0.7950341121675056 1.7119673168325418 4.930454058687541 13.097636302366793 39.35170827777854 117.94711381374668 52.6613460886572 7.335655346581529E-4 
0.0011017945528251183 0.0024176981814503086 0.006835067643425151 0.011960157331975883 0.04027136330496865 0.05151110041959074 0.2091629338514738 0.6074916193640941 1.3180672812119814 4.216505822119951 13.759475144809922 42.672083957973264 142.24010956896194 50.52064520514061 8.649099393631916E-4 
0.0012205850044752391 0.002791536116332251 0.008482178877302996 0.02367072565389292 0.07122373085173074 0.21562738396795253 0.63444941675209 1.9464761793566352 4.490689174642898 11.611739154160999 39.13356130351567 22.13636406409846 23.131324853045772 147.322341083806 0.11797491183471807 
0.00614313549683905 0.008091010793570864 0.026664131007048352 0.031641661732143875 0.016050486285958846 0.14241937943925162 0.45298338722088927 1.6092254151478114 3.6756434798161877 11.8879580276716 43.656580268226094 134.46316530844808 104.18193282087313 67.14859678434647 0.005971144013665402 
0.0025466441211679106 0.0011194175457761519 0.008158436205540905 0.023230791920935846 0.0646245676951261 0.19519709127136256 0.6141266749999763 1.7725197144834355 4.026977838896855 12.337608227478745 38.24194363312314 120.01926649949972 56.23272806182488 53.36791118391585 6.526301396459611E-4 
0.002241453506313416 0.0010671045977504695 0.007852457017021251 0.023101315824465517 0.06644242431416224 0.20159118451886088 0.6123483197420967 1.856295667008958 4.281808318508934 11.700941403333625 39.027601529928354 127.79774797585739 66.79119680635584 55.6009925023767 7.027647502065057E-4 
1.652393654826962E-4 3.7961432075206376E-4 0.0014390044612194194 0.004255722002578539 0.014057248171093334 0.04726028508918607 0.13275969263183604 0.45170712935655566 1.4244318901750717 4.601234758215179 16.464013145346804 45.66604429238297 166.97548091393972 63.17293173520358 0.011774953379646047 
0.0022178258247085012 7.134001425705321E-4 0.007106178814122087 0.020764792147534468 0.059216250662884155 0.18520656488163023 0.60077998184903 1.7817677264138239 4.113573231041711 12.037544096582318 38.782549098867094 124.83944118710033 65.90716325813112 55.03053877824489 6.897167022128931E-4 
0.0029025972238148844 9.307400932140235E-4 0.008775777125388143 0.025770826103834733 0.07498725024077822 0.2425562282229309 0.7207594020387145 0.2884704334860696 1.7150075609667852 5.451923309829209 17.085955041353447 44.40663455758077 24.36686104569934 157.08991869403965 0.11989004257033967 
0.010389568380650503 0.010389548044074876 0.014693221902195694 0.02077925163987577 0.029386009914406166 0.041558693639170544 0.05877212227485626 0.08311627569549412 0.11754582816029581 0.1662334861552235 0.23509295622946297 0.33247290915620653 0.4701825287934959 0.6649484231002596 0.3429650595074657 
0.005113539036652441 0.005113521432324488 0.007231704759677489 0.010227124502904968 0.014463196611619152 0.02045443888900086 0.028926511915892197 0.040908974878292925 0.057854324095414585 0.08181713996553917 0.11570891206510926 0.16363787004331298 0.23141625482439476 0.32727689675801913 0.8875301044813382 
7.02990664670084E-4 0.0018365505874351376 0.0051374406928076126 0.014371124352733192 0.040200797928599104 0.10799561610201415 0.30372222700182877 0.5333268349423781 1.373497051510286 3.2470052899475013 9.353904140235816 26.16597010473923 70.00550359322048 87.93957507273866 0.0 
0.004403772473483313 0.003281407667267842 0.002457032027004736 0.01232130382694262 0.031939143635047136 0.07274308559024827 0.18168263949690466 0.4738416319864959 0.9405863085274369 2.326292778691023 5.858341295461636 13.867865459053576 35.038357299776195 91.04408328091657 0.5155007085029407 
0.004452731830940862 0.0038226720242064897 0.012429643663437238 0.021008853706111726 0.06357943793195717 0.025407476073213704 0.21355827104485342 0.5941056794208035 1.354293795058945 2.481105403784625 8.277534986925602 25.058346840501244 68.70572101332199 127.535923842957 0.006936121789997213 
0.00431138738834147 0.0031347078710932015 0.0023514249872969265 0.01208872599376298 0.031734427406606244 0.07302212839387745 0.18457978337695496 0.4508580685377274 0.9128100497616497 2.282995167189938 5.820719873806678 13.932236949200576 35.64102241121627 93.85582053644106 0.5301899249896096 
0.002221867984616038 0.0019070518204561233 0.009026904968380402 0.006904186751506859 0.030230974204880048 0.01164497050208923 0.09777092495229235 0.3083846117276336 0.7093123865323784 1.312818426576401 4.531468590010875 14.189673597909438 46.76514598130411 149.086968855557 4.728337020725935E-4 
0.005349057721462992 0.0065496136817064085 0.015245273924394091 0.01298179162501098 0.01465380720793321 0.07284371802323233 0.07471982974649527 0.32968647624109654 0.7594713824910561 1.910441541654854 4.299994448211104 14.677335325711107 49.84515124473809 158.44795381697404 2.576934721899955E-4 
0.0044009501277682585 0.003770906677555751 0.012825315617738252 0.009986517189967153 0.04573036212159213 0.01728138721264013 0.14947392961586703 0.4787719982576721 1.1109171866445586 2.065436527058663 7.240014981236857 23.021681211195897 77.14762047395807 139.78270816589344 7.322158103749918E-4 
0.001730725882832901 8.051879897959164E-4 0.005074823594320189 0.01363646266387631 0.03561666850135431 0.0988471168700641 0.2891358098839171 0.7351883445862539 1.6161957899485966 4.632896487443712 13.226907419329036 38.44719737417002 112.15226794696737 49.303191769256856 0.16864679742348487 
0.0027496891236892455 0.004772096072229463 0.0023452516170028386 0.011504377795659116 0.03302366130379155 0.06486032984729831 0.17711278877873782 0.4356536869112639 0.8905201409766123 2.264879771425504 6.243935622088724 13.949658358079837 39.892760239645526 108.95533003423907 7.532578657476538E-4 
6.784527126139855E-4 0.0015486894441820358 0.0055386103230697275 0.017510707877373254 0.05619490573972825 0.1894275290000595 0.6655286860515527 1.5168503896613057 3.7580372550695764 12.537724690794526 43.45325527790233 15.52176208586208 158.4296910293579 55.98785088913332 9.594778491944506E-4 
7.944578975887716E-4 0.0018471298052510025 0.0038885285746188885 0.011339680394717794 0.02658736564427096 0.08623329498614535 0.27571740394154015 0.6966668555246703 1.630301141668687 5.0106002205094615 15.754190704638956 6.053474492400143 48.640926537372565 140.64261208652337 0.018996664195260964 
0.0022164016657711715 0.0019532221229874034 0.007284782315275786 0.019489031666771548 0.04442690590120603 0.13736310518421185 0.4169162280419499 1.1679815488039325 2.5893354726552262 4.743588258839048 14.122214048529893 5.745423028755661 45.85930895569198 128.11346414300067 4.253701867027216E-4 
7.153002421279916E-4 0.001878162793477497 0.005163780052969175 0.014549254597868967 0.04087872651758536 0.11026748175690217 0.311478819838695 0.5477692870785644 1.4152741067141006 3.214515520013889 9.310523323764293 26.18245382237707 70.33493609187775 88.98400061897935 0.002137225098963624 
0.001614404813595174 0.0028351638578796236 0.0013606910223639944 0.007949050390736517 0.023180487040826977 0.0616167406497233 0.16725593494663768 0.4166915980344384 0.8608704263398784 2.2252540392517703 6.259455997281335 14.177406144359898 41.4100163078421 113.72591631655993 0.16079104671732244 
0.0019084121020088612 0.0023951995871574383 0.008210081665021692 0.014494724047472473 0.050475720616007816 0.1627941373981593 0.5682094468788879 1.5868272400157992 5.099308832567202 15.336629223376761 53.94615542128693 145.08674983269736 51.39916390863734 50.512463375179735 0.005482903709883734 
0.0029623476427648597 9.727144537374273E-4 0.009053768342443428 0.024464522734449417 0.07331711592527028 0.23804264402128997 0.7716838167642873 2.0579490777998273 6.62852998145788 13.715488638665631 44.47164673149964 15.871961470973975 127.13146312372719 70.21361398906303 0.0010769160010087502 
0.006245593183897374 0.002264926611158918 0.0027325921084087206 0.01805584366269892 0.035095109050842045 0.11499609489958063 0.34483616190938254 0.784257801940341 1.8247362664600957 4.561357888916858 14.237643391702473 40.463512359502076 126.96290172126342 79.89703163237913 0.011224061992215768 
0.0017501616261750073 0.0020320460367171268 0.008278936392408212 0.010803485563095417 0.044388597063871195 0.1477032185443705 0.4524976580594048 1.4229395981089996 3.218494111723329 9.58260458847734 32.42133590210384 108.49432686316942 86.88044853814428 72.59164282653222 0.07632690773539882 
5.753331987970967E-4 0.0013646862878278238 0.003776981260938396 0.010429646914416434 0.024280220660706314 0.07788763147072107 0.24540139703163188 0.7158277423644663 1.6167363000780526 4.672968837273098 14.521049711589122 5.603272013804737 47.975557669205536 137.67814184702036 0.01807513321196648 
0.0023303813957080304 0.0020281019532027273 0.010050396864197881 0.021071392609841276 0.06430470318773478 0.027801117511828344 0.21318241328446957 0.7101079408704835 1.6809742957228884 4.336159124189015 14.204099519895317 42.21456153154294 148.08028703344317 75.39833812604358 0.010746921874593206 
0.001189870977581072 0.0015707654918461031 0.006473346569380598 0.0049522766573333685 0.022805960939765918 0.07164018940684136 0.2250271945488493 0.51755057650153 1.2805322226848086 4.193098894703274 14.484176491977047 47.53826591847163 152.50556063051636 57.1890127970549 0.014108923103990562 
0.004420934890566867 0.0017803726372316708 0.01094002896638313 0.009158713440415705 0.04051916906378144 0.11408953230438196 0.3146205265092562 0.6865354647828296 1.5617395070844005 4.511064057404827 13.61310993793206 6.2897248516754765 43.66311266364117 131.5758942525459 0.011448405215580324 
9.733578247974596E-4 0.001216051237986564 0.0042256630795746925 0.00912995960132057 0.0319667706700655 0.10497002112609849 0.32273707875761315 0.7673685318352377 1.852828878607511 4.818053637590305 16.03789371324856 48.30203412066035 161.78088750053595 50.370346853067005 0.011052656502870562 
0.0030027751931095597 0.0025364016651513548 0.0016297121697939996 0.003077497459375026 0.01473560431923808 0.043360282054910236 0.11946049163773262 0.30456001961892265 0.6448772877787909 1.7249879975982796 5.039296202737966 14.482338389648111 43.48471898556342 124.77855679393342 0.0068592332629926565 
0.0019241991176082095 0.001924193719546158 0.002721254767120107 0.0038484166206682853 0.005442434621915779 0.007696879674520048 0.010884904066703978 0.015393570490137277 0.021769974669919003 0.030787067680791504 0.04354010299187697 0.061575236282286755 0.08707974474313855 0.12315092837657797 0.985514333234621 
0.004470708180024003 0.005557529156957972 0.01702973372800269 0.020508985545888918 0.019673797948260976 0.07204992890727178 0.07690030564797938 0.32920203196574177 0.8030243907952975 1.9631296636733555 4.246208602936522 14.385226954726113 45.76240837179156 151.2084551191511 5.040675591724E-4 
0.004544770934815618 0.004544514514171098 0.006427459111191995 0.009089605689890031 0.012853846250539704 0.01817927255008385 0.025707663282223858 0.036353971358399406 0.05141759755798132 0.07270922785663778 0.10282939757062724 0.1454125837245775 0.20564368902568447 0.29085022432261826 0.9180578624257675 
0.010460322294838204 0.010460137251954127 0.01479386639834119 0.020921160378185394 0.02958548808378226 0.04184439502294489 0.05917235461476206 0.08368199998256279 0.11834925421597194 0.16736072057564952 0.23670546531016076 0.3347596095995088 0.47339221225547806 0.6695302373233983 0.3368055999411519 
